1 RSN949_NORTHR_ARL090.txt 0.020000     2250 1.00000000
2 RSN959_NORTHR_CNP106.txt 0.010000     2999 1.00000000
3 RSN1004_NORTHR_SPV270.txt 0.005000    10557 1.00000000
4 RSN1042_NORTHR_CWC180.txt 0.010000     2692 1.00000000
5 RSN1048_NORTHR_STC090.txt 0.010000     3499 1.00000000
6 RSN1049_NORTHR_SUN190.txt 0.010000     2999 1.00000000
7 RSN1078_NORTHR_SSU000.txt 0.005000    12451 1.00000000
8 RSN1080_NORTHR_KAT000.txt 0.010000     2999 1.00000000
9 RSN1087_NORTHR_TAR090.txt 0.020000     2250 1.00000000
10 RSN1089_NORTHR_TPF360.txt 0.005000     6743 1.00000000
11 RSN949_NORTHR_ARL360.txt 0.020000     2250 1.00000000
12 RSN959_NORTHR_CNP196.txt 0.010000     2999 1.00000000
13 RSN1004_NORTHR_SPV360.txt 0.005000    10559 1.00000000
14 RSN1042_NORTHR_CWC270.txt 0.010000     2692 1.00000000
15 RSN1048_NORTHR_STC180.txt 0.010000     3499 1.00000000
16 RSN1049_NORTHR_SUN280.txt 0.010000     2999 1.00000000
17 RSN1078_NORTHR_SSU090.txt 0.005000    12451 1.00000000
18 RSN1080_NORTHR_KAT090.txt 0.010000     2999 1.00000000
19 RSN1087_NORTHR_TAR360.txt 0.020000     2250 1.00000000
20 RSN1089_NORTHR_TPF270.txt 0.005000     6743 1.00000000
