0.002837013000
0.002825493000
0.002814988000
0.002802245000
0.002787626000
0.002778250000
0.002764314000
0.002748155000
0.002734537000
0.002700526000
0.002697091000
0.002717446000
0.002663175000
0.002563903000
0.002598093000
0.002663800000
0.002530118000
0.002430650000
0.002528139000
0.002684159000
0.002718356000
0.002789972000
0.002768121000
0.002731291000
0.002819221000
0.002487342000
0.002164468000
0.002493483000
0.002969267000
0.003208339000
0.002788452000
0.002356841000
0.002853660000
0.002929770000
0.001942516000
0.001621761000
0.002188086000
0.001742494000
0.001248694000
0.001664055000
0.002133995000
0.002553236000
0.002545849000
0.001827483000
0.002775533000
0.003765072000
0.001851468000
0.000382643000
0.002773510000
0.005329860000
0.004367774000
0.002582013000
0.003644128000
0.005152265000
0.003120995000
0.000323780700
0.001343029000
0.003773615000
0.002814366000
0.002554439000
0.003131741000
0.001437084000
0.000107134900
0.000899732400
0.002378410000
0.002830296000
0.000411463100
-0.003559351000
-0.003063234000
0.002049850000
0.002758899000
0.000032174070
0.004025826000
0.010531940000
0.010024750000
0.006377081000
0.007559619000
0.007781754000
0.008714679000
0.012364970000
0.008657329000
-0.004490977000
-0.012751330000
-0.008274820000
0.000899317400
0.002084358000
-0.004348559000
-0.003189134000
0.005365117000
0.007181827000
-0.000246169900
-0.000544043500
0.001860970000
-0.002686835000
0.000174631400
0.005469642000
-0.002562617000
-0.007526825000
-0.000794686300
0.006693171000
0.015121320000
0.024142200000
0.025161460000
0.020130910000
0.017549760000
0.010631990000
0.001272958000
0.006149090000
0.019100540000
0.015611800000
-0.001225885000
-0.009908873000
-0.012141080000
-0.010069110000
0.001982888000
0.009444213000
0.002709719000
0.002341613000
0.012107060000
0.009493429000
0.004470856000
0.016837010000
0.030609490000
0.028627670000
0.019538940000
0.012013250000
0.011887350000
0.015110600000
0.014972780000
0.019823390000
0.023724250000
0.018153220000
0.018591760000
0.026713660000
0.025566490000
0.027038240000
0.030242840000
0.021214280000
0.015957860000
0.011760090000
-0.001133352000
-0.005898166000
0.004617654000
0.008854354000
0.008140318000
0.015576610000
0.024619070000
0.033038780000
0.043603030000
0.043514470000
0.037203540000
0.033090990000
0.020123360000
0.008662989000
0.012517160000
0.014563240000
0.012151830000
0.015512950000
0.014834640000
0.018953710000
0.036879450000
0.050508190000
0.028445960000
-0.005963120000
-0.034388790000
-0.040664120000
-0.009286924000
0.022799300000
0.025646680000
0.011666580000
0.014037460000
0.021888320000
0.016923060000
0.018156800000
0.018814360000
0.010454000000
0.014085630000
0.027688720000
0.028075570000
0.016442330000
0.008724376000
0.010145900000
0.014674320000
0.009252255000
-0.001495047000
0.000934527600
0.017766200000
0.022685420000
0.002615063000
-0.004678547000
0.015141120000
0.026501610000
0.018983470000
0.007769666000
-0.007735597000
-0.024824580000
-0.038477200000
-0.043301160000
-0.039472170000
-0.038000940000
-0.033823140000
-0.016739620000
0.003925044000
0.018054320000
0.021142390000
0.015777610000
0.015311200000
0.010636640000
-0.010221540000
-0.037074010000
-0.042915610000
-0.016592710000
0.016383170000
0.031095350000
0.012155370000
-0.019850370000
-0.021071400000
0.012383090000
0.042465830000
0.041626780000
0.015844980000
-0.011295380000
-0.019720230000
-0.024462730000
-0.034089370000
-0.037104230000
-0.029081810000
-0.023951130000
-0.029947480000
-0.035231140000
-0.007781873000
0.049945290000
0.078051490000
0.053534310000
-0.005261690000
-0.048739810000
-0.050354310000
-0.029572600000
-0.014758520000
0.007570844000
0.044649160000
0.063912870000
0.032539580000
-0.010588440000
-0.000989638800
0.037050730000
0.037468910000
0.010015390000
0.006254454000
0.018833870000
0.013276320000
-0.002102043000
-0.017815250000
-0.042299510000
-0.060493600000
-0.061017190000
-0.052020750000
-0.029217900000
0.008736826000
0.030823260000
0.030309010000
0.009650979000
-0.034891880000
-0.061796010000
-0.057241970000
-0.044171930000
-0.021595430000
0.017209810000
0.034553070000
0.011505360000
-0.015346820000
-0.023690600000
-0.022984220000
-0.018861640000
-0.005908551000
0.014972820000
0.024172000000
-0.001684042000
-0.050244710000
-0.066347380000
-0.036166010000
-0.003135795000
0.002549826000
-0.009668127000
-0.025810220000
-0.033178750000
-0.012377500000
0.022356360000
0.028193890000
0.001230599000
-0.022756400000
-0.018420080000
-0.002598652000
-0.010214170000
-0.039397220000
-0.065535790000
-0.079913460000
-0.083842510000
-0.089710290000
-0.117916100000
-0.156543100000
-0.155114400000
-0.114246000000
-0.092517330000
-0.124372100000
-0.162747600000
-0.167865900000
-0.154500700000
-0.141664000000
-0.137347400000
-0.145314200000
-0.152938000000
-0.140094500000
-0.111337700000
-0.110342800000
-0.146344100000
-0.166998900000
-0.150846200000
-0.130245900000
-0.132034400000
-0.139175600000
-0.138655700000
-0.144918400000
-0.151466100000
-0.165580100000
-0.197296300000
-0.219134700000
-0.217383100000
-0.209388400000
-0.193450400000
-0.155203600000
-0.116565200000
-0.104599900000
-0.109708200000
-0.128152100000
-0.152664200000
-0.162678800000
-0.153547900000
-0.131013000000
-0.100651500000
-0.074361270000
-0.058455880000
-0.036903870000
0.010509380000
0.080364490000
0.142487700000
0.179060700000
0.186228700000
0.172447100000
0.155964600000
0.144157600000
0.117773700000
0.084287330000
0.084606440000
0.129980500000
0.184366300000
0.217515700000
0.225752200000
0.207379700000
0.165232200000
0.117314900000
0.068445040000
0.034960340000
0.026521630000
0.036651370000
0.066431860000
0.113143000000
0.152548900000
0.190583500000
0.253324500000
0.331992100000
0.371437100000
0.371011500000
0.359163000000
0.349982100000
0.345143200000
0.344684200000
0.345732500000
0.350909300000
0.358336400000
0.358787900000
0.349808700000
0.336638000000
0.320605100000
0.296176900000
0.264982600000
0.237152600000
0.210022700000
0.172531500000
0.137121800000
0.116678800000
0.100420500000
0.064756930000
-0.029578390000
-0.143963600000
-0.224071700000
-0.259860000000
-0.264302000000
-0.255682300000
-0.239653900000
-0.219935900000
-0.202786300000
-0.197095500000
-0.211505800000
-0.258887100000
-0.320664900000
-0.376665600000
-0.429614000000
-0.459298100000
-0.453945600000
-0.433989300000
-0.413104000000
-0.372896100000
-0.297451000000
-0.195991300000
-0.081963620000
0.024235880000
0.098276700000
0.164944200000
0.227211600000
0.272525300000
0.286200000000
0.286033300000
0.309902000000
0.355159200000
0.399303900000
0.430937900000
0.437968000000
0.424624600000
0.392534200000
0.339927400000
0.273406800000
0.198693900000
0.118717900000
0.032318530000
-0.054813790000
-0.100612800000
-0.094725840000
-0.075383000000
-0.074852190000
-0.102488200000
-0.143312800000
-0.176933800000
-0.209325200000
-0.263163100000
-0.321717600000
-0.367225500000
-0.392108700000
-0.388861200000
-0.366015500000
-0.334178600000
-0.307195700000
-0.287241500000
-0.264175600000
-0.224660800000
-0.180347700000
-0.137148100000
-0.094856860000
-0.050499980000
-0.015005960000
0.000698532500
0.000405100100
-0.022592020000
-0.057539280000
-0.050880370000
0.015992320000
0.070723180000
0.075548830000
0.070106280000
0.075878550000
0.074341160000
0.055913970000
0.007453061000
-0.070855200000
-0.113779200000
-0.097990980000
-0.049799130000
-0.003612839000
0.012798280000
0.005386689000
0.004313918000
0.009919369000
-0.003326637000
-0.035275650000
-0.052951230000
-0.042393690000
-0.004645791000
0.032609550000
0.032380510000
-0.004546654000
-0.026012300000
-0.016832200000
-0.008293591000
-0.019657380000
-0.045628090000
-0.071794890000
-0.085878080000
-0.090243190000
-0.117835400000
-0.174527400000
-0.223935000000
-0.221715700000
-0.154720300000
-0.053566090000
0.034568590000
0.081166290000
0.102288100000
0.130657300000
0.170865600000
0.184513800000
0.171215100000
0.163027500000
0.189291600000
0.241056900000
0.284896200000
0.290728300000
0.255501600000
0.199347000000
0.153941900000
0.133495700000
0.123514000000
0.088775110000
0.008746580000
-0.048856940000
-0.058629730000
-0.071075220000
-0.106908500000
-0.128561400000
-0.116880400000
-0.101178300000
-0.110655700000
-0.147508500000
-0.186642200000
-0.214025600000
-0.242226100000
-0.276204800000
-0.277317600000
-0.234732900000
-0.184599400000
-0.141253100000
-0.109185200000
-0.082180420000
-0.048470720000
0.006390948000
0.089302840000
0.180605800000
0.262226800000
0.321235100000
0.340181000000
0.343144000000
0.348208400000
0.348210800000
0.339466000000
0.330499500000
0.330631400000
0.332534000000
0.295923300000
0.207643300000
0.115493900000
0.041225370000
-0.017523730000
-0.045052210000
-0.056961360000
-0.081838020000
-0.110894200000
-0.120734700000
-0.123598700000
-0.141728000000
-0.159983900000
-0.167487300000
-0.186064100000
-0.229885900000
-0.276150700000
-0.291498400000
-0.249477600000
-0.170575300000
-0.081536740000
0.000091943320
0.047790120000
0.094158720000
0.161453400000
0.211146300000
0.218128700000
0.212233900000
0.217334100000
0.227936900000
0.234289200000
0.250324000000
0.279632800000
0.287482200000
0.228580300000
0.105675800000
-0.018558410000
-0.102031600000
-0.148506000000
-0.174131700000
-0.181690100000
-0.166762700000
-0.142189400000
-0.132717500000
-0.130231900000
-0.121645400000
-0.109690400000
-0.094734810000
-0.073428930000
-0.061455690000
-0.072682340000
-0.111806100000
-0.165357400000
-0.208627200000
-0.213755700000
-0.166368700000
-0.069182990000
0.034790660000
0.113625800000
0.171279600000
0.183693100000
0.131763300000
0.062685090000
0.036252310000
0.028412410000
0.003401321000
-0.003342661000
0.039786170000
0.111959400000
0.175995600000
0.212903600000
0.237400300000
0.262922600000
0.270103600000
0.240069800000
0.207173500000
0.202215300000
0.194623900000
0.173664100000
0.157491800000
0.153590000000
0.165126700000
0.190613100000
0.217297500000
0.227391200000
0.204723700000
0.149973800000
0.098962360000
0.088179380000
0.100301500000
0.117305800000
0.151904900000
0.196730300000
0.231494400000
0.242458800000
0.218139400000
0.161729800000
0.099330840000
0.058431920000
0.053422060000
0.073989080000
0.092830530000
0.098181980000
0.103821600000
0.124242200000
0.154817000000
0.168197800000
0.145759100000
0.098843240000
0.050025930000
0.014508290000
-0.003131844000
-0.025249140000
-0.069373580000
-0.132606800000
-0.188742100000
-0.225372200000
-0.254310800000
-0.278814400000
-0.300649800000
-0.315208000000
-0.324200400000
-0.327241900000
-0.313183500000
-0.273177900000
-0.230059200000
-0.211280500000
-0.212295400000
-0.221956900000
-0.231122800000
-0.231883800000
-0.230166600000
-0.222163400000
-0.203578600000
-0.187443400000
-0.190142400000
-0.210100500000
-0.218303500000
-0.201366100000
-0.177034600000
-0.149727600000
-0.116228100000
-0.088493720000
-0.077801140000
-0.083838360000
-0.108688900000
-0.146351400000
-0.177498900000
-0.202153400000
-0.219161800000
-0.223036400000
-0.213589700000
-0.192368700000
-0.165393300000
-0.150978500000
-0.145761600000
-0.129668300000
-0.113785700000
-0.115223300000
-0.120500600000
-0.119380700000
-0.130833900000
-0.140831900000
-0.123331100000
-0.102523700000
-0.106542600000
-0.113494700000
-0.106100600000
-0.101353600000
-0.109456600000
-0.126010000000
-0.145338300000
-0.160303600000
-0.168029700000
-0.166178600000
-0.161233000000
-0.168644400000
-0.185856500000
-0.192781200000
-0.176091200000
-0.134977100000
-0.077926400000
-0.010698960000
0.045670040000
0.080547610000
0.108243000000
0.136605900000
0.157620400000
0.173499400000
0.195755000000
0.220859800000
0.235132000000
0.245818600000
0.268068900000
0.312347300000
0.370586400000
0.417375900000
0.438230900000
0.434588400000
0.411088000000
0.367735100000
0.307427000000
0.239359200000
0.183200200000
0.167212000000
0.174526500000
0.164533700000
0.124251700000
0.073434590000
0.012057860000
-0.066600930000
-0.146206000000
-0.184706300000
-0.188941600000
-0.194423700000
-0.220518500000
-0.260303500000
-0.296841300000
-0.316720900000
-0.320785600000
-0.310928700000
-0.288744300000
-0.245561400000
-0.183986600000
-0.137348900000
-0.109484000000
-0.090999780000
-0.077777940000
-0.064091530000
-0.040201350000
-0.006164506000
0.020028420000
0.045050280000
0.083497790000
0.114802400000
0.119063200000
0.095672960000
0.061427720000
0.061301430000
0.107789200000
0.170576100000
0.216322500000
0.252552700000
0.297161400000
0.341905500000
0.372267500000
0.377998800000
0.372837000000
0.376096300000
0.369311400000
0.339445400000
0.270062100000
0.197713800000
0.155210900000
0.133353700000
0.110875600000
0.091101830000
0.088889270000
0.100456300000
0.110131700000
0.109553800000
0.096814030000
0.072657690000
0.048794490000
0.038598020000
0.032178350000
0.018652790000
0.006988048000
0.004349693000
0.010327970000
0.021873250000
0.030542810000
0.028759840000
0.020825250000
0.012044640000
0.002985967000
-0.006190423000
-0.021397570000
-0.040861740000
-0.058221250000
-0.067833010000
-0.075020110000
-0.092491950000
-0.127746200000
-0.167771400000
-0.202935400000
-0.221006500000
-0.222582500000
-0.217308900000
-0.212630000000
-0.203134400000
-0.189145900000
-0.177251200000
-0.172857200000
-0.165416800000
-0.151032400000
-0.132661700000
-0.117143500000
-0.100319400000
-0.077297040000
-0.059610190000
-0.062891740000
-0.090375860000
-0.126541800000
-0.152644600000
-0.172918100000
-0.187150500000
-0.190875400000
-0.167099100000
-0.106526600000
-0.031706230000
0.034134560000
0.088255100000
0.132051600000
0.170550100000
0.206207500000
0.242036500000
0.281759200000
0.318197200000
0.335264500000
0.333192700000
0.319959300000
0.289594700000
0.237154700000
0.184494100000
0.157491300000
0.158481800000
0.184449800000
0.222125400000
0.248657800000
0.252183400000
0.243525300000
0.232431000000
0.217925900000
0.203761100000
0.199708300000
0.210971300000
0.235823800000
0.249506500000
0.224597400000
0.153426300000
0.055666070000
-0.061990510000
-0.190963700000
-0.304671800000
-0.378849700000
-0.405022900000
-0.407288200000
-0.394999800000
-0.363861700000
-0.325999800000
-0.284117100000
-0.231040600000
-0.171644600000
-0.115623100000
-0.064108050000
-0.028014290000
-0.019220140000
-0.026023130000
-0.028491910000
-0.021509680000
-0.004814732000
0.020323970000
0.052540190000
0.098219660000
0.132814400000
0.142806300000
0.144266100000
0.145300200000
0.143341100000
0.140223800000
0.146987800000
0.166593300000
0.189019300000
0.205787400000
0.211135800000
0.206169700000
0.185819800000
0.145368800000
0.087129500000
0.018677830000
-0.044349250000
-0.107239900000
-0.158769400000
-0.199611700000
-0.242911700000
-0.282258600000
-0.300724500000
-0.294817100000
-0.260451400000
-0.214608000000
-0.176510500000
-0.141044800000
-0.115904800000
-0.111021300000
-0.118991100000
-0.123892400000
-0.112664900000
-0.074134690000
-0.010104850000
0.052425860000
0.109600800000
0.156633000000
0.175747000000
0.176145400000
0.169643700000
0.148729200000
0.094167850000
0.021218230000
-0.046639950000
-0.098340400000
-0.121330000000
-0.129465600000
-0.132730000000
-0.129154200000
-0.117116900000
-0.098772550000
-0.073654220000
-0.051402370000
-0.041437490000
-0.040439740000
-0.047858140000
-0.067054380000
-0.089276480000
-0.106423500000
-0.120312100000
-0.130758800000
-0.135188500000
-0.131606100000
-0.120420100000
-0.103991700000
-0.077973620000
-0.046531530000
-0.020322370000
-0.009897457000
-0.004504275000
0.005308641000
0.015449040000
0.009786105000
-0.012832130000
-0.040594020000
-0.061823720000
-0.076842540000
-0.089728860000
-0.097564500000
-0.098124690000
-0.093203440000
-0.085341000000
-0.074526260000
-0.061826960000
-0.050511780000
-0.035149380000
-0.006835598000
0.028502660000
0.062919100000
0.095957220000
0.125159600000
0.152684200000
0.172413200000
0.185393000000
0.199019700000
0.210695200000
0.218104600000
0.218745000000
0.205521400000
0.172818400000
0.129027100000
0.083659230000
0.038092440000
-0.001590991000
-0.023108830000
-0.037067940000
-0.051357590000
-0.062016360000
-0.063842970000
-0.058342440000
-0.046230880000
-0.025046010000
0.008083736000
0.046856830000
0.090359160000
0.124106400000
0.140351100000
0.148503700000
0.144751000000
0.126008600000
0.102775800000
0.089853990000
0.096870820000
0.117208200000
0.138415500000
0.155142400000
0.158499700000
0.145383000000
0.125060500000
0.106377900000
0.096411930000
0.092709660000
0.089671370000
0.086500350000
0.079928880000
0.065657300000
0.041897030000
0.016243640000
-0.004163445000
-0.025255700000
-0.053626280000
-0.084802400000
-0.109009900000
-0.120820700000
-0.123885100000
-0.113980000000
-0.094662260000
-0.057798100000
-0.002182836000
0.054160180000
0.093251230000
0.108597900000
0.105653100000
0.086746650000
0.059139890000
0.041949920000
0.035540620000
0.021881270000
0.001478985000
-0.014452570000
-0.024126130000
-0.034039840000
-0.048547440000
-0.066492320000
-0.076313700000
-0.071985260000
-0.062255760000
-0.053747610000
-0.048623740000
-0.043372250000
-0.034554310000
-0.021711520000
-0.005906632000
0.012606040000
0.039045690000
0.063800170000
0.066991640000
0.041800160000
-0.006973770000
-0.055681910000
-0.084769850000
-0.099105880000
-0.112016800000
-0.124635600000
-0.131592800000
-0.135377500000
-0.141148200000
-0.151043700000
-0.161456600000
-0.166088200000
-0.164471300000
-0.158164900000
-0.142943700000
-0.114755900000
-0.081479350000
-0.052745330000
-0.031538900000
-0.014209530000
0.003396514000
0.021638230000
0.036637940000
0.046340360000
0.051486360000
0.052341010000
0.047847530000
0.034257510000
0.010874690000
-0.014133410000
-0.037620410000
-0.058786070000
-0.069315600000
-0.069893130000
-0.068146790000
-0.064892970000
-0.057196570000
-0.046008850000
-0.033673960000
-0.021024060000
-0.006204628000
0.011357930000
0.023124800000
0.028745820000
0.029115260000
0.028854970000
0.036938570000
0.048581500000
0.057181110000
0.056143760000
0.043005950000
0.027132880000
0.014771600000
0.007075345000
0.004994546000
0.007660999000
0.016338650000
0.027682360000
0.038411670000
0.044607170000
0.041991210000
0.029687610000
0.011710550000
-0.005657188000
-0.014806480000
-0.015352160000
-0.010475600000
-0.003342234000
0.001325931000
0.000726350800
0.002360500000
0.005726206000
0.002916022000
0.003146470000
0.010016140000
0.017101870000
0.023066240000
0.028974110000
0.034697290000
0.036225150000
0.023757800000
-0.007169038000
-0.039497640000
-0.068883090000
-0.094083870000
-0.115895900000
-0.137122200000
-0.152945000000
-0.163440500000
-0.164420900000
-0.156531100000
-0.144663400000
-0.132765500000
-0.119586900000
-0.102653100000
-0.085049770000
-0.072546030000
-0.065040870000
-0.055163100000
-0.040560380000
-0.014339090000
0.023468780000
0.063493650000
0.095040890000
0.115534500000
0.123256600000
0.123832200000
0.121164700000
0.109291200000
0.082711290000
0.048719070000
0.018945070000
-0.008812045000
-0.036499080000
-0.067554470000
-0.093137720000
-0.106169400000
-0.113538200000
-0.124802200000
-0.140771300000
-0.155374400000
-0.159851200000
-0.149902900000
-0.128529600000
-0.097311850000
-0.064455790000
-0.037408870000
-0.012465960000
0.011723290000
0.030074820000
0.038131900000
0.034696480000
0.035235050000
0.058482090000
0.100698500000
0.128067000000
0.134133600000
0.127334300000
0.115903400000
0.112189600000
0.113075200000
0.105840500000
0.096680230000
0.088423850000
0.077613830000
0.066412300000
0.058169610000
0.051584480000
0.045439390000
0.038085590000
0.023936430000
0.000752620900
-0.029764790000
-0.058450520000
-0.081024120000
-0.091375580000
-0.092588160000
-0.091403340000
-0.089265200000
-0.085119520000
-0.077875870000
-0.068755750000
-0.058121870000
-0.044709820000
-0.033152760000
-0.025964970000
-0.024430360000
-0.029234530000
-0.038819550000
-0.047041140000
-0.051201270000
-0.053203510000
-0.054526540000
-0.053509550000
-0.047772990000
-0.035202620000
-0.019159220000
-0.004681695000
0.004031412000
0.009775958000
0.019413980000
0.031916980000
0.041654020000
0.047043080000
0.052346330000
0.054722280000
0.049781490000
0.045441630000
0.049657750000
0.058654630000
0.068700700000
0.080664130000
0.094436610000
0.109179700000
0.122982100000
0.131536700000
0.135341700000
0.136985400000
0.139129600000
0.140681800000
0.140725200000
0.137960300000
0.130576700000
0.116436000000
0.091720810000
0.060005090000
0.028359140000
0.001632254000
-0.026241200000
-0.048257940000
-0.062501150000
-0.073546040000
-0.084385350000
-0.090467460000
-0.088471770000
-0.080734110000
-0.073291020000
-0.068042520000
-0.061444410000
-0.051490990000
-0.043152310000
-0.039847890000
-0.039176810000
-0.039230420000
-0.038284570000
-0.036216810000
-0.031348080000
-0.024550590000
-0.017339020000
-0.009746010000
-0.004106231000
-0.003833279000
-0.007521034000
-0.013166820000
-0.022106020000
-0.035661120000
-0.052506690000
-0.069684700000
-0.082770610000
-0.088577710000
-0.088341900000
-0.084743990000
-0.080762410000
-0.076393060000
-0.070206440000
-0.059878690000
-0.047709450000
-0.038173740000
-0.031703480000
-0.026624550000
-0.020188900000
-0.013461050000
-0.009078074000
-0.007021995000
-0.002612991000
0.007937170000
0.020760850000
0.031156550000
0.037217010000
0.039224050000
0.038618280000
0.035455780000
0.028976920000
0.017673300000
0.008308854000
0.006960272000
0.010710340000
0.016037150000
0.023463550000
0.032641200000
0.041387670000
0.046638800000
0.048985580000
0.049735900000
0.049648080000
0.049078000000
0.049931830000
0.053161100000
0.059286680000
0.069144730000
0.081142680000
0.093767740000
0.104055900000
0.109290200000
0.112257900000
0.114785300000
0.114122700000
0.110972800000
0.109010200000
0.110431600000
0.115264900000
0.122556700000
0.129189400000
0.133126000000
0.136744900000
0.137650200000
0.137239600000
0.138704100000
0.137250300000
0.136789300000
0.142906900000
0.148761900000
0.146320700000
0.136840000000
0.122676300000
0.102489600000
0.081543730000
0.063735820000
0.049221140000
0.035305020000
0.022738400000
0.016081090000
0.010714830000
0.002392761000
-0.007904163000
-0.019591710000
-0.029752360000
-0.035902180000
-0.037709350000
-0.038838330000
-0.044665510000
-0.055057250000
-0.069475850000
-0.087189850000
-0.099424640000
-0.104889000000
-0.107795500000
-0.107923800000
-0.104522500000
-0.096787230000
-0.086361760000
-0.072767030000
-0.056351120000
-0.039459940000
-0.023023820000
-0.008457414000
0.001368030000
0.009531520000
0.016436980000
0.018775330000
0.017717090000
0.014242050000
0.008741372000
0.003143893000
-0.004788497000
-0.015074480000
-0.024439310000
-0.032116990000
-0.039964000000
-0.046499870000
-0.050297520000
-0.052332590000
-0.054071700000
-0.054523290000
-0.053848120000
-0.051973410000
-0.048589830000
-0.042508530000
-0.034448260000
-0.027026840000
-0.021548270000
-0.021235170000
-0.026429670000
-0.032646480000
-0.036170960000
-0.036262430000
-0.032647020000
-0.029418680000
-0.032258040000
-0.037948620000
-0.040857060000
-0.040414450000
-0.037468280000
-0.032148010000
-0.025448920000
-0.020700160000
-0.017841610000
-0.015808380000
-0.015960720000
-0.019347170000
-0.023979510000
-0.029209580000
-0.035634500000
-0.043549350000
-0.050894390000
-0.056730110000
-0.061892130000
-0.065904390000
-0.068377900000
-0.069812200000
-0.070478960000
-0.069028130000
-0.064303900000
-0.055301700000
-0.040327540000
-0.022192820000
-0.007007778000
0.004595154000
0.012307810000
0.018659690000
0.022104600000
0.020410840000
0.017059050000
0.017275060000
0.018246160000
0.016344000000
0.017338170000
0.023957320000
0.034421140000
0.048846760000
0.064153780000
0.078901850000
0.091125950000
0.099879920000
0.106971100000
0.111571300000
0.111072600000
0.106321800000
0.101606900000
0.099324830000
0.100317900000
0.099857760000
0.095297810000
0.088908350000
0.081928080000
0.073179750000
0.063972920000
0.051819470000
0.035370060000
0.017856350000
0.002681845000
-0.011653580000
-0.025481000000
-0.035554990000
-0.040616700000
-0.042985910000
-0.041426880000
-0.036859200000
-0.034342650000
-0.036318840000
-0.039650570000
-0.039660100000
-0.036400580000
-0.033443800000
-0.031239280000
-0.031144370000
-0.033757380000
-0.037388680000
-0.042259340000
-0.048329590000
-0.055015670000
-0.061101170000
-0.067542400000
-0.073727690000
-0.079571160000
-0.084068450000
-0.085007460000
-0.080069220000
-0.067785750000
-0.051918450000
-0.036634890000
-0.021822950000
-0.006731442000
0.008287185000
0.023288440000
0.037383980000
0.049320890000
0.059899000000
0.068983200000
0.075800290000
0.078471370000
0.076618940000
0.072255500000
0.065208910000
0.054229050000
0.040113050000
0.025209640000
0.010860780000
-0.003450171000
-0.017898140000
-0.032251430000
-0.046424340000
-0.059711760000
-0.069443610000
-0.076161010000
-0.080154490000
-0.079702150000
-0.076890620000
-0.073040750000
-0.068048720000
-0.061801140000
-0.055610510000
-0.051692480000
-0.048927700000
-0.045308160000
-0.041044030000
-0.037698570000
-0.033781930000
-0.027666010000
-0.018480700000
-0.007135221000
0.004306901000
0.014615560000
0.024130060000
0.033103850000
0.041858920000
0.052099910000
0.062299090000
0.069144940000
0.073243270000
0.074166420000
0.072106110000
0.067138750000
0.059852130000
0.050978880000
0.044599820000
0.041892640000
0.041518670000
0.042726280000
0.045481950000
0.050242780000
0.058513870000
0.067414290000
0.073686080000
0.076082130000
0.074138790000
0.067422210000
0.054286560000
0.038237870000
0.022675400000
0.008884231000
-0.003350542000
-0.013392440000
-0.023539730000
-0.032571950000
-0.038769230000
-0.042136660000
-0.043001130000
-0.042384450000
-0.041660060000
-0.040795600000
-0.039348330000
-0.038014960000
-0.038339550000
-0.039792090000
-0.040552420000
-0.041350070000
-0.042136950000
-0.043337320000
-0.045295070000
-0.047565510000
-0.050116960000
-0.053536830000
-0.056972150000
-0.059294160000
-0.061695600000
-0.064311990000
-0.065477790000
-0.064601650000
-0.061076900000
-0.055622060000
-0.047111280000
-0.034566720000
-0.024788330000
-0.019748170000
-0.015862500000
-0.012001280000
-0.009588941000
-0.007650613000
-0.006115530000
-0.005864302000
-0.007935787000
-0.011005860000
-0.012748880000
-0.013656700000
-0.011754740000
-0.006557302000
0.000686986900
0.009280836000
0.016623210000
0.022226350000
0.027214750000
0.030124310000
0.030244140000
0.029203200000
0.026582610000
0.021832200000
0.016766680000
0.011641860000
0.005650916000
-0.000504753300
-0.006206781000
-0.010050980000
-0.011743570000
-0.012270520000
-0.009542633000
-0.001891288000
0.011348500000
0.026946520000
0.040776970000
0.049900700000
0.052860140000
0.053791740000
0.052086310000
0.046222290000
0.035583130000
0.022145130000
0.009671161000
0.001304686000
-0.003974951000
-0.008189399000
-0.013323990000
-0.019912930000
-0.028816600000
-0.039033270000
-0.049198900000
-0.058239880000
-0.066715280000
-0.073954820000
-0.079251940000
-0.083328750000
-0.086623250000
-0.088143260000
-0.088736980000
-0.088594460000
-0.085381560000
-0.078031950000
-0.068905540000
-0.058393030000
-0.047988550000
-0.038268890000
-0.027980200000
-0.016526820000
-0.007410678000
-0.001983350000
0.001330937000
0.003476270000
0.005228986000
0.006468256000
0.006795546000
0.007576744000
0.011677270000
0.018971140000
0.028060160000
0.037470840000
0.045462660000
0.050201350000
0.052791250000
0.055432160000
0.056536400000
0.056168150000
0.055875500000
0.055446990000
0.054457360000
0.052662740000
0.049621510000
0.046306200000
0.040566390000
0.030792100000
0.016854920000
0.003426843000
-0.004570369000
-0.008735315000
-0.012221680000
-0.014938080000
-0.015721330000
-0.016072010000
-0.018031230000
-0.021991730000
-0.026234250000
-0.029233610000
-0.030880770000
-0.031266850000
-0.029606220000
-0.026672820000
-0.023472450000
-0.019681110000
-0.014297360000
-0.007784148000
-0.000652756200
0.006110511000
0.013514660000
0.021301670000
0.026617890000
0.029803620000
0.034166230000
0.039149200000
0.044683110000
0.053967450000
0.064730360000
0.073308460000
0.076984830000
0.078089960000
0.079108250000
0.077507750000
0.074665900000
0.071340450000
0.065574670000
0.059080180000
0.053900990000
0.050046880000
0.044624150000
0.036010860000
0.025079290000
0.015721360000
0.011943960000
0.012713090000
0.016386670000
0.021304920000
0.026844680000
0.032109720000
0.035358060000
0.033195240000
0.025973080000
0.014269370000
0.002600714000
-0.006945196000
-0.013956090000
-0.020108420000
-0.025700310000
-0.030574630000
-0.032525540000
-0.032181840000
-0.030983760000
-0.029051600000
-0.026350200000
-0.024112310000
-0.025547130000
-0.027874090000
-0.029584620000
-0.031755610000
-0.033334500000
-0.034847790000
-0.036374520000
-0.037360480000
-0.038585900000
-0.041413720000
-0.044499250000
-0.046694130000
-0.047840980000
-0.047720080000
-0.046592450000
-0.043887190000
-0.039797860000
-0.034345410000
-0.026737780000
-0.017473560000
-0.008636601000
-0.002831013000
0.001943669000
0.006294842000
0.010925150000
0.015853620000
0.020031850000
0.022950110000
0.024360210000
0.023261290000
0.017662150000
0.006879075000
-0.005153330000
-0.012757190000
-0.015362510000
-0.015726760000
-0.015962350000
-0.016743580000
-0.016210160000
-0.013837430000
-0.009591429000
-0.004827915000
-0.000949370200
0.002692235000
0.006210289000
0.009010089000
0.010978190000
0.011105890000
0.011533770000
0.013875920000
0.016200210000
0.016922990000
0.017243530000
0.017648690000
0.017667010000
0.016373010000
0.013407130000
0.007705530000
0.000271332100
-0.006366321000
-0.010918630000
-0.013445420000
-0.014660770000
-0.016135400000
-0.018230640000
-0.018480620000
-0.018558110000
-0.020331730000
-0.021817550000
-0.022361510000
-0.024252920000
-0.027012470000
-0.028932400000
-0.028773720000
-0.024816120000
-0.022397480000
-0.023227630000
-0.022056680000
-0.015830030000
-0.010101780000
-0.008616041000
-0.006053566000
-0.003076861000
-0.003536810000
-0.006516093000
-0.009689670000
-0.012315980000
-0.014455810000
-0.016707230000
-0.018470820000
-0.018825040000
-0.017890650000
-0.015710860000
-0.014262390000
-0.014959950000
-0.017629490000
-0.020954880000
-0.024869070000
-0.029488160000
-0.034326590000
-0.039423850000
-0.042095080000
-0.043990620000
-0.043942730000
-0.041386640000
-0.037378180000
-0.032675710000
-0.027354510000
-0.022022790000
-0.020213320000
-0.022288570000
-0.022573170000
-0.017609480000
-0.010156900000
-0.002348015000
0.004416269000
0.009985413000
0.015008100000
0.020011180000
0.024873430000
0.028532440000
0.030496400000
0.030919980000
0.029593860000
0.025891940000
0.021487710000
0.016829490000
0.011857680000
0.010403580000
0.012837760000
0.012638970000
0.009668814000
0.010666240000
0.015470650000
0.019956640000
0.022623530000
0.024499180000
0.025401140000
0.026471530000
0.028574740000
0.031006390000
0.033899730000
0.038354800000
0.045373090000
0.053610220000
0.062391390000
0.070513220000
0.078769270000
0.085431450000
0.089282180000
0.091078520000
0.093398730000
0.096164890000
0.098032180000
0.099240880000
0.101137200000
0.102563000000
0.102845500000
0.101974200000
0.099922750000
0.097496270000
0.093995200000
0.088911760000
0.082151630000
0.073891990000
0.062902450000
0.050059970000
0.038261270000
0.025301490000
0.014019110000
0.009402581000
0.009280928000
0.012620640000
0.016186310000
0.017225980000
0.015863300000
0.013475060000
0.010878640000
0.007976724000
0.004868836000
0.001142638000
-0.002812149000
-0.006611400000
-0.010343560000
-0.011754140000
-0.011141850000
-0.007899257000
-0.002114405000
0.003756959000
0.009111741000
0.011549350000
0.010542250000
0.007603577000
0.003703865000
-0.000766714100
-0.004447620000
-0.007753742000
-0.011164690000
-0.014477940000
-0.019024330000
-0.025115870000
-0.030826780000
-0.034383220000
-0.036401620000
-0.036585780000
-0.035089150000
-0.032752020000
-0.030363550000
-0.027623880000
-0.024996510000
-0.023830540000
-0.024073000000
-0.025729840000
-0.028371060000
-0.032169550000
-0.036162160000
-0.040936950000
-0.045450690000
-0.048976030000
-0.051126980000
-0.051938100000
-0.051845070000
-0.050496220000
-0.048069700000
-0.044376810000
-0.040199470000
-0.036456860000
-0.032725210000
-0.028219490000
-0.022519320000
-0.014085060000
-0.002489062000
0.008573183000
0.017989200000
0.024411830000
0.027554110000
0.028232320000
0.027088560000
0.024000540000
0.018417430000
0.010512750000
0.000585867200
-0.010287980000
-0.020680750000
-0.028166900000
-0.033199150000
-0.035908360000
-0.037957170000
-0.038413750000
-0.038835960000
-0.038791850000
-0.036974420000
-0.034522170000
-0.031432890000
-0.028133910000
-0.025010030000
-0.022221980000
-0.019874300000
-0.018140720000
-0.015662300000
-0.012290870000
-0.006209778000
0.003466125000
0.014481720000
0.023160360000
0.029119600000
0.033007820000
0.033515900000
0.030909040000
0.027332560000
0.022854590000
0.017973450000
0.013320190000
0.008434551000
0.003125062000
-0.001225403000
-0.004051895000
-0.006670383000
-0.009336732000
-0.011869400000
-0.014599330000
-0.017812790000
-0.021660880000
-0.025806850000
-0.029461820000
-0.031944000000
-0.034008110000
-0.036733110000
-0.039122780000
-0.039721810000
-0.038547420000
-0.036897580000
-0.036010650000
-0.037244730000
-0.040628330000
-0.043573260000
-0.045207840000
-0.045686950000
-0.044985010000
-0.042632110000
-0.039284370000
-0.035324290000
-0.031397220000
-0.028344970000
-0.025763700000
-0.023106720000
-0.021088200000
-0.019815100000
-0.018392640000
-0.017413550000
-0.017367130000
-0.017467820000
-0.018026550000
-0.018175320000
-0.018508170000
-0.019046500000
-0.018883300000
-0.019593010000
-0.020592820000
-0.020852720000
-0.020637010000
-0.020182840000
-0.019784760000
-0.018070490000
-0.016146330000
-0.013972000000
-0.009208559000
-0.004095105000
0.000029479110
0.004652049000
0.009433906000
0.013169690000
0.014692260000
0.013644230000
0.011131020000
0.007987113000
0.004918791000
0.002371584000
0.000509216800
0.000470885200
0.002597540000
0.005906846000
0.008887388000
0.010177940000
0.009074139000
0.005021888000
-0.000486495800
-0.004743349000
-0.008359846000
-0.012387110000
-0.017185560000
-0.021838110000
-0.024783990000
-0.023766950000
-0.020031910000
-0.019120750000
-0.021819130000
-0.021800220000
-0.016095870000
-0.009961173000
-0.006578130000
-0.004269895000
-0.001454911000
0.002217227000
0.005465065000
0.007804298000
0.010578250000
0.013259050000
0.015163170000
0.017547280000
0.019940190000
0.021917170000
0.023331300000
0.024886590000
0.026093270000
0.027233830000
0.028166740000
0.029266830000
0.030481030000
0.031217550000
0.031515960000
0.032346620000
0.033466110000
0.034993400000
0.036746390000
0.039145060000
0.041592890000
0.043427650000
0.045638250000
0.048309640000
0.051127770000
0.052877020000
0.053625710000
0.054261360000
0.053873040000
0.051938630000
0.050220630000
0.047378650000
0.042273190000
0.034610480000
0.026471210000
0.019737830000
0.013751620000
0.008770822000
0.006106032000
0.006463841000
0.008784061000
0.009002132000
0.007246863000
0.007220202000
0.008974902000
0.008665572000
0.007315306000
0.009484170000
0.010463160000
0.005071468000
-0.000168699800
0.001054772000
0.001046183000
-0.003061457000
-0.007171342000
-0.010519870000
-0.014229150000
-0.018063640000
-0.020804810000
-0.022301020000
-0.022846290000
-0.023726400000
-0.025704030000
-0.028431850000
-0.030603010000
-0.028060640000
-0.021299230000
-0.015078550000
-0.009831340000
-0.007146311000
-0.007890125000
-0.007325913000
-0.003976834000
-0.000230035300
0.003036373000
0.006208593000
0.008288011000
0.008785285000
0.009378106000
0.010519470000
0.011575070000
0.011965150000
0.012016500000
0.012566610000
0.014120880000
0.016812020000
0.019412780000
0.020522360000
0.021055370000
0.020979110000
0.020092550000
0.017710560000
0.014342300000
0.011283480000
0.009785730000
0.009987979000
0.011465350000
0.013942650000
0.016980250000
0.020210840000
0.023142280000
0.025912170000
0.028476210000
0.030216240000
0.031360230000
0.032271590000
0.032062950000
0.030749160000
0.028432520000
0.025156970000
0.021407870000
0.018311840000
0.016287570000
0.014166790000
0.011730190000
0.010489960000
0.008841013000
0.006858497000
0.004299848000
0.001711705000
-0.000897258100
-0.002292002000
-0.002452397000
-0.002415120000
-0.002718651000
-0.003234880000
-0.003206359000
-0.002108262000
-0.001481319000
-0.001499263000
-0.001484512000
-0.001347382000
-0.000169778100
0.000804024800
0.000994651600
0.000960037100
0.000580194000
-0.000592535600
-0.002234210000
-0.004636054000
-0.006043850000
-0.006354761000
-0.006410629000
-0.007911908000
-0.009773447000
-0.011629940000
-0.013368520000
-0.014344950000
-0.015452610000
-0.016181110000
-0.015953910000
-0.015519380000
-0.015024830000
-0.014471000000
-0.013373720000
-0.012167720000
-0.011425650000
-0.012708400000
-0.014556860000
-0.015995090000
-0.017898900000
-0.019594830000
-0.020661430000
-0.021770080000
-0.023109000000
-0.023519200000
-0.023250110000
-0.022776290000
-0.023174340000
-0.024319530000
-0.025002600000
-0.024337480000
-0.023503480000
-0.023511760000
-0.022210630000
-0.019550280000
-0.017080910000
-0.015848580000
-0.014708920000
-0.012406520000
-0.010304740000
-0.008769732000
-0.006744172000
-0.005871548000
-0.005601512000
-0.004759963000
-0.004405605000
-0.004297329000
-0.003832312000
-0.002801906000
-0.001320493000
0.000040382340
0.003139295000
0.005662423000
0.004492302000
0.000629817600
-0.002589183000
-0.002474136000
0.001556869000
0.007616658000
0.013157660000
0.017057090000
0.020321830000
0.024125500000
0.028337210000
0.032244390000
0.035730560000
0.037630380000
0.037455760000
0.035751340000
0.032833460000
0.029131490000
0.025299980000
0.020813080000
0.017893020000
0.018785250000
0.018608900000
0.012926250000
0.005496530000
-0.001580754000
-0.007881687000
-0.009741466000
-0.007796533000
-0.006736909000
-0.007402795000
-0.007797157000
-0.008693144000
-0.009919719000
-0.010662550000
-0.011195170000
-0.011321610000
-0.010820980000
-0.010341560000
-0.010168660000
-0.010734210000
-0.010551770000
-0.007713117000
-0.004151876000
-0.001930274000
-0.000319959600
0.002856681000
0.006189569000
0.007703601000
0.006704674000
0.004798323000
0.001844066000
-0.003199738000
-0.009011037000
-0.015077250000
-0.021263510000
-0.025342770000
-0.024681290000
-0.022409570000
-0.023166410000
-0.025975370000
-0.027882630000
-0.027370750000
-0.024777780000
-0.021110870000
-0.016966750000
-0.013784940000
-0.015310300000
-0.021244510000
-0.026822100000
-0.029232440000
-0.028902860000
-0.026554090000
-0.022831980000
-0.019590370000
-0.018801490000
-0.018340490000
-0.015527960000
-0.012220150000
-0.008998461000
-0.005281901000
-0.002786955000
-0.003757459000
-0.006296514000
-0.009421009000
-0.012623130000
-0.013930510000
-0.012150280000
-0.009301116000
-0.009251258000
-0.012743620000
-0.017660570000
-0.021606760000
-0.025330210000
-0.028533630000
-0.028499140000
-0.025284970000
-0.024225370000
-0.024416900000
-0.020449330000
-0.013097760000
-0.005627496000
0.002540886000
0.009014988000
0.013744560000
0.016971150000
0.017407580000
0.014942250000
0.011706380000
0.009395125000
0.008602801000
0.008732993000
0.009263212000
0.010257530000
0.011808230000
0.012970850000
0.015872560000
0.019641110000
0.019244620000
0.016947040000
0.017966800000
0.021631700000
0.021576830000
0.018473510000
0.018363780000
0.021542990000
0.024422270000
0.025482570000
0.025409480000
0.023766800000
0.021295740000
0.018195730000
0.014350820000
0.009945034000
0.007417401000
0.006702373000
0.006232014000
0.005116860000
0.003239760000
0.001881350000
0.001942930000
0.001741683000
0.001945742000
0.002667647000
0.003218612000
0.004795748000
0.007398638000
0.010791560000
0.015024830000
0.019965540000
0.023298180000
0.022097530000
0.017271670000
0.012704020000
0.010830390000
0.012287360000
0.015585660000
0.017360490000
0.015721840000
0.012000400000
0.009701372000
0.009260650000
0.007190508000
0.001194461000
-0.005456419000
-0.010976570000
-0.015588630000
-0.018466130000
-0.019383400000
-0.018122530000
-0.015719460000
-0.013477430000
-0.010021210000
-0.006627874000
-0.004152049000
-0.001967924000
-0.000175883100
0.001023078000
0.001395341000
0.001591629000
0.001741442000
0.002256500000
0.002849809000
0.003809901000
0.004825217000
0.004269545000
0.003481656000
0.002586121000
0.002148026000
0.001326992000
0.000835473800
0.000879065500
0.000756398900
-0.000286505000
-0.003059966000
-0.005292141000
-0.006659063000
-0.008031164000
-0.008106730000
-0.006169244000
-0.003364548000
-0.001158494000
-0.000861948000
-0.002690324000
-0.005454872000
-0.008053602000
-0.010052110000
-0.009344416000
-0.006269446000
-0.004432413000
-0.004841338000
-0.005526716000
-0.005751822000
-0.005999200000
-0.007637513000
-0.009355826000
-0.009471913000
-0.009929233000
-0.010805250000
-0.012537520000
-0.015008740000
-0.016284170000
-0.018167670000
-0.020067190000
-0.021029430000
-0.019877740000
-0.017192620000
-0.013437880000
-0.009111827000
-0.005118553000
-0.002327309000
0.000078886360
0.002199818000
0.003772304000
0.005425617000
0.005883289000
0.006372050000
0.006996488000
0.006745408000
0.006353253000
0.006033873000
0.004790305000
0.003207773000
0.001910983000
-0.000039370740
-0.002055189000
-0.003745794000
-0.005988915000
-0.008786113000
-0.010562390000
-0.010716890000
-0.010108180000
-0.009657932000
-0.009036056000
-0.008223969000
-0.006970150000
-0.007381817000
-0.008721708000
-0.009178964000
-0.008790447000
-0.007941183000
-0.007277720000
-0.007022793000
-0.007332220000
-0.006881902000
-0.004220892000
-0.000768293600
0.001576305000
0.003550508000
0.005793616000
0.007689788000
0.010304360000
0.014584890000
0.017861450000
0.018456190000
0.018109310000
0.017172290000
0.013787860000
0.008398301000
0.002676851000
-0.001055854000
-0.003383022000
-0.006277528000
-0.007785461000
-0.007159246000
-0.005418078000
-0.004356386000
-0.003323061000
-0.001551463000
0.000138321900
0.001782823000
0.003871733000
0.004550247000
0.004398652000
0.003375424000
0.002203006000
0.001209981000
0.001282623000
0.002051538000
0.001701575000
0.000295788100
-0.000893865500
-0.002046127000
-0.002302796000
-0.001155414000
0.000218187500
0.001754751000
0.003986517000
0.005341650000
0.006992201000
0.008177152000
0.008297502000
0.007704268000
0.008091838000
0.007297200000
0.007111382000
0.007405584000
0.008974292000
0.011567430000
0.013573110000
0.015360340000
0.017267950000
0.019271360000
0.020713340000
0.022040690000
0.022859260000
0.023314390000
0.023337660000
0.022881560000
0.021512800000
0.019343550000
0.017262700000
0.015117590000
0.013969750000
0.013420500000
0.013094340000
0.012778360000
0.012736790000
0.012261310000
0.012108880000
0.012610620000
0.013099000000
0.014226310000
0.016055740000
0.018067340000
0.019618060000
0.020617130000
0.021172150000
0.021780260000
0.022843880000
0.023521640000
0.023427850000
0.022944670000
0.022048270000
0.020703290000
0.019418580000
0.017748820000
0.016216930000
0.014710330000
0.013636040000
0.013430500000
0.013587180000
0.013275530000
0.012760760000
0.012365690000
0.011940750000
0.010404740000
0.008463702000
0.006837076000
0.004654738000
0.002277495000
0.000521741000
-0.000801805400
-0.001776157000
-0.002059008000
-0.001654597000
-0.000393403400
0.000907689000
0.001191256000
0.001363790000
0.002065206000
0.001493844000
0.000235001100
-0.000788597500
-0.001852866000
-0.002553510000
-0.003235380000
-0.004037560000
-0.005164857000
-0.006895617000
-0.009352255000
-0.012387340000
-0.016110200000
-0.020214500000
-0.023657680000
-0.026397150000
-0.028113440000
-0.028754610000
-0.028782610000
-0.027917110000
-0.026247430000
-0.024810170000
-0.023922610000
-0.023254310000
-0.022477020000
-0.021518450000
-0.020447930000
-0.020274450000
-0.020860980000
-0.021369800000
-0.021925160000
-0.022347450000
-0.023268880000
-0.024579670000
-0.025552290000
-0.026555160000
-0.027309610000
-0.028353510000
-0.028745280000
-0.028273840000
-0.027733060000
-0.026549320000
-0.024719690000
-0.022332020000
-0.018934170000
-0.016030080000
-0.013572230000
-0.011094580000
-0.009145479000
-0.007260714000
-0.004847668000
-0.002935252000
-0.001481866000
0.000630776500
0.002836234000
0.004471088000
0.005064810000
0.005024458000
0.004868367000
0.004399716000
0.003933329000
0.003425910000
0.002625812000
0.001532175000
0.000631491900
-0.000552015300
-0.002018665000
-0.002888506000
-0.003130864000
-0.003189329000
-0.003213983000
-0.002802929000
-0.002402523000
-0.002265566000
-0.001874995000
-0.001043769000
0.000203078800
0.001477421000
0.002702603000
0.003958162000
0.004923022000
0.005553986000
0.006257427000
0.007079645000
0.008028586000
0.008669570000
0.009056280000
0.009136425000
0.008944235000
0.008546150000
0.007791097000
0.006740481000
0.005737282000
0.004501619000
0.003866020000
0.003227355000
0.002364423000
0.002008626000
0.002194329000
0.002626469000
0.003089478000
0.003330224000
0.003457492000
0.003766557000
0.004106291000
0.004058948000
0.003779580000
0.003548524000
0.003475122000
0.003272950000
0.002800089000
0.001925867000
0.001169423000
0.000402425500
-0.000486934500
-0.001133838000
-0.001333928000
-0.001501480000
-0.001675227000
-0.001805491000
-0.002064238000
-0.002279924000
-0.002412829000
-0.002558941000
-0.002686761000
-0.002847899000
-0.003094459000
-0.003314166000
-0.003600750000
-0.003695725000
-0.003684707000
-0.003742498000
-0.003790177000
-0.003755067000
-0.003689821000
-0.003683641000
-0.003736040000
-0.003830947000
-0.003942012000
-0.004036990000
-0.004190196000
-0.004293493000
-0.004315287000
-0.004163829000
-0.003958697000
-0.003638013000
-0.003137086000
-0.002570733000
-0.001990948000
-0.001378952000
-0.000855290300
-0.000409805300
-0.000098497920
0.000153906500
0.000459166900
0.000786340800
0.001035582000
0.001279680000
0.001557713000
0.001830156000
0.002041209000
0.002180384000
0.002322229000
0.002495168000
0.002685778000
0.002822971000
0.002906715000
0.002985389000
0.003010244000
0.002982247000
0.002992869000
0.003009666000
0.002968996000
0.002934164000
0.002890591000
0.002841446000
0.002809859000
0.002718019000
0.002598103000
0.002520331000
0.002433005000
0.002328556000
0.002239767000
0.002184215000
0.002151269000
0.002132009000
0.002109014000
0.002079372000
0.002053175000
0.002025547000
0.001997176000
0.001965490000
0.001928336000
0.001892322000
0.001850899000
0.001805564000
0.001765165000
0.001727682000
0.001689512000
0.001650665000
0.001610796000
0.001568893000
0.001527365000
0.001485543000
0.001441496000
0.001397544000
0.001352593000
0.001306073000
0.001257558000
0.001208106000
0.001157948000
0.001106210000
0.001053789000
0.001000489000
0.000946575700
0.000892349100
0.000837829600
0.000783261700
0.000728713700
0.000674051500
0.000619266900
0.000564347900
0.000509289800
0.000454073400
0.000398687900
0.000343158100
0.000287506800
0.000231756900
0.000175933300
0.000120052900
0.000064132040
0.000008186677
0.000000000000
0.000000000000
0.000000000000
0.000000000000
0.000000000000
0.000000000000
0.000000000000
0.000000000000
0.000000000000
0.000000000000
0.000000000000
0.000000000000
0.000000000000
0.000000000000
0.000000000000
0.000000000000
0.000000000000
0.000000000000
0.000000000000
0.000000000000
0.000000000000
0.000000000000
0.000000000000
0.000000000000
0.000000000000
0.000000000000
0.000000000000
0.000000000000
0.000000000000
0.000000000000
0.000000000000
0.000000000000
0.000000000000
0.000000000000
0.000000000000
0.000000000000
0.000000000000
0.000000000000
0.000000000000
0.000000000000
0.000000000000
0.000000000000
0.000000000000
0.000000000000
0.000000000000
0.000000000000
0.000000000000
0.000000000000
0.000000000000
0.000000000000
0.000000000000
0.000000000000
0.000000000000
0.000000000000
0.000000000000
0.000000000000
0.000000000000
0.000000000000
0.000000000000
0.000000000000
0.000000000000
0.000000000000
0.000000000000
0.000000000000
0.000000000000
0.000000000000
0.000000000000
0.000000000000
0.000000000000
0.000000000000
0.000000000000
0.000000000000
0.000000000000
0.000000000000
0.000000000000
0.000000000000
0.000000000000
0.000000000000
0.000000000000
0.000000000000
0.000000000000
0.000000000000
0.000000000000
0.000000000000
0.000000000000
0.000000000000
0.000000000000
0.000000000000
0.000000000000
0.000000000000
0.000000000000
0.000000000000
0.000000000000
0.000000000000
0.000000000000
0.000000000000
0.000000000000
0.000000000000
0.000000000000
0.000000000000
0.000000000000
0.000000000000
0.000000000000
0.000000000000
0.000000000000
0.000000000000
0.000000000000
0.000000000000
0.000000000000
0.000000000000
0.000000000000
0.000000000000
0.000000000000
0.000000000000
0.000000000000
0.000000000000
0.000000000000
0.000000000000
0.000000000000
0.000000000000
0.000000000000
0.000000000000
0.000000000000
0.000000000000
0.000000000000
0.000000000000
0.000000000000
0.000000000000
0.000000000000
0.000000000000
0.000000000000
0.000000000000
0.000000000000
0.000000000000
0.000000000000
0.000000000000
0.000000000000
0.000000000000
0.000000000000
0.000000000000
0.000000000000
0.000000000000
0.000000000000
0.000000000000
0.000000000000
0.000000000000
0.000000000000
0.000000000000
0.000000000000
0.000000000000
0.000000000000
0.000000000000
0.000000000000
0.000000000000
0.000000000000
0.000000000000
0.000000000000
0.000000000000
0.000000000000
0.000000000000
0.000000000000
0.000000000000
0.000000000000
0.000000000000
0.000000000000
0.000000000000
0.000000000000
0.000000000000
0.000000000000
0.000000000000
0.000000000000
0.000000000000
0.000000000000
0.000000000000
0.000000000000
0.000000000000
0.000000000000
0.000000000000
0.000000000000
0.000000000000
0.000000000000
0.000000000000
0.000000000000
0.000000000000
0.000000000000
0.000000000000
0.000000000000
0.000000000000
0.000000000000
0.000000000000
0.000000000000
0.000000000000
0.000000000000
0.000000000000
0.000000000000
0.000000000000
0.000000000000
0.000000000000
0.000000000000
0.000000000000
0.000000000000
0.000000000000
0.000000000000
0.000000000000
0.000000000000
0.000000000000
0.000000000000
0.000000000000
0.000000000000
0.000000000000
0.000000000000
0.000000000000
0.000000000000
0.000000000000
0.000000000000
0.000000000000
0.000000000000
0.000000000000
0.000000000000
0.000000000000
0.000000000000
0.000000000000
0.000000000000
0.000000000000
0.000000000000
0.000000000000
0.000000000000
0.000000000000
0.000000000000
0.000000000000
0.000000000000
0.000000000000
0.000000000000
0.000000000000
0.000000000000
0.000000000000
0.000000000000
0.000000000000
0.000000000000
0.000000000000
0.000000000000
0.000000000000
0.000000000000
0.000000000000
0.000000000000
0.000000000000
0.000000000000
0.000000000000
0.000000000000
0.000000000000
0.000000000000
0.000000000000
0.000000000000
0.000000000000
0.000000000000
0.000000000000
0.000000000000
0.000000000000
0.000000000000
0.000000000000
0.000000000000
0.000000000000
0.000000000000
0.000000000000
0.000000000000
0.000000000000
0.000000000000
0.000000000000
0.000000000000
0.000000000000
0.000000000000
0.000000000000
0.000000000000
0.000000000000
0.000000000000
0.000000000000
0.000000000000
0.000000000000
0.000000000000
0.000000000000
0.000000000000
0.000000000000
0.000000000000
0.000000000000
0.000000000000
0.000000000000
0.000000000000
0.000000000000
0.000000000000
0.000000000000
0.000000000000
0.000000000000
0.000000000000
0.000000000000
0.000000000000
0.000000000000
0.000000000000
0.000000000000
0.000000000000
0.000000000000
0.000000000000
0.000000000000
0.000000000000
0.000000000000
0.000000000000
0.000000000000
0.000000000000
0.000000000000
0.000000000000
0.000000000000
0.000000000000
0.000000000000
0.000000000000
0.000000000000
0.000000000000
0.000000000000
0.000000000000
0.000000000000
0.000000000000
0.000000000000
0.000000000000
0.000000000000
0.000000000000
0.000000000000
0.000000000000
0.000000000000
0.000000000000
0.000000000000
0.000000000000
0.000000000000
0.000000000000
0.000000000000
0.000000000000
0.000000000000
0.000000000000
0.000000000000
0.000000000000
0.000000000000
0.000000000000
0.000000000000
0.000000000000
0.000000000000
0.000000000000
0.000000000000
0.000000000000
0.000000000000
0.000000000000
0.000000000000
0.000000000000
0.000000000000
0.000000000000
0.000000000000
0.000000000000
0.000000000000
0.000000000000
0.000000000000
0.000000000000
0.000000000000
0.000000000000
0.000000000000
0.000000000000
0.000000000000
0.000000000000
0.000000000000
0.000000000000
0.000000000000
0.000000000000
0.000000000000
0.000000000000
0.000000000000
0.000000000000
0.000000000000
0.000000000000
0.000000000000
0.000000000000
0.000000000000
0.000000000000
0.000000000000
0.000000000000
0.000000000000
0.000000000000
0.000000000000
0.000000000000
0.000000000000
0.000000000000
0.000000000000
0.000000000000
0.000000000000
0.000000000000
0.000000000000
0.000000000000
0.000000000000
0.000000000000
0.000000000000
0.000000000000
0.000000000000
0.000000000000
0.000000000000
0.000000000000
0.000000000000
0.000000000000
0.000000000000
0.000000000000
0.000000000000
0.000000000000
0.000000000000
0.000000000000
0.000000000000
0.000000000000
0.000000000000
0.000000000000
0.000000000000
0.000000000000
0.000000000000
0.000000000000
0.000000000000
0.000000000000
0.000000000000
0.000000000000
0.000000000000
0.000000000000
0.000000000000
0.000000000000
0.000000000000
0.000000000000
0.000000000000
0.000000000000
0.000000000000
0.000000000000
0.000000000000
0.000000000000
0.000000000000
0.000000000000
0.000000000000
0.000000000000
0.000000000000
0.000000000000
0.000000000000
0.000000000000
0.000000000000
0.000000000000
0.000000000000
0.000000000000
0.000000000000
0.000000000000
0.000000000000
0.000000000000
0.000000000000
0.000000000000
0.000000000000
0.000000000000
0.000000000000
0.000000000000
0.000000000000
0.000000000000
0.000000000000
0.000000000000
0.000000000000
0.000000000000
0.000000000000
0.000000000000
0.000000000000
0.000000000000
0.000000000000
0.000000000000
0.000000000000
0.000000000000
0.000000000000
0.000000000000
0.000000000000
0.000000000000
0.000000000000
0.000000000000
0.000000000000
0.000000000000
0.000000000000
0.000000000000
0.000000000000
0.000000000000
0.000000000000
0.000000000000
0.000000000000
0.000000000000
0.000000000000
0.000000000000
0.000000000000
0.000000000000
0.000000000000
0.000000000000
0.000000000000
0.000000000000
0.000000000000
0.000000000000
0.000000000000
0.000000000000
0.000000000000
0.000000000000
0.000000000000
0.000000000000
0.000000000000
