-0.000281475600
-0.000279066800
-0.000276107100
-0.000277192600
-0.000282631600
-0.000286640100
-0.000285743500
-0.000286449600
-0.000285836300
-0.000283827400
-0.000281719100
-0.000295692600
-0.000326279900
-0.000339207000
-0.000307828200
-0.000242115300
-0.000143540500
-0.000128236000
-0.000175463400
-0.000200122300
-0.000255122300
-0.000284118200
-0.000342454700
-0.000439479500
-0.000512542900
-0.000448849900
-0.000336418100
-0.000335100400
-0.000388797700
-0.000484522800
-0.000510031900
-0.000372975900
0.000016256730
0.000252977200
0.000298608500
0.000065818660
-0.000357120100
-0.000647527500
-0.000539029700
-0.000153513400
0.000184512200
-0.000002710704
-0.000754711800
-0.001080921000
-0.001093478000
-0.001147020000
-0.001073975000
-0.000612270600
-0.000281140200
-0.000104743800
-0.000091914680
-0.000374565500
-0.000599890100
-0.000051005750
0.001064520000
0.001603521000
0.001247234000
0.000452191300
-0.000541309800
-0.001027295000
-0.001304018000
-0.001243692000
-0.001361976000
-0.001914454000
-0.002785737000
-0.002092003000
-0.000333705200
0.000035226530
-0.000777540400
-0.000624855700
0.000658958400
0.002407170000
0.002787251000
0.001875430000
0.000397642400
-0.000300992700
0.000108167700
0.000407685600
0.001130150000
0.002221336000
0.001921327000
-0.002010229000
-0.006878963000
-0.009310040000
-0.008568290000
-0.007174407000
-0.005645847000
-0.004759229000
-0.005733303000
-0.004501338000
0.003710830000
0.015656150000
0.021894180000
0.017746510000
0.008504757000
0.003887100000
0.006560769000
0.013772430000
0.017202210000
0.009719433000
-0.004656696000
-0.017518630000
-0.022911750000
-0.024751160000
-0.026480940000
-0.023149330000
-0.013522140000
-0.004081848000
-0.001384694000
-0.003675940000
-0.003739783000
0.002644229000
0.015091180000
0.028130640000
0.032694440000
0.030321750000
0.026498450000
0.017598380000
-0.000223530600
-0.022924210000
-0.038923280000
-0.041333220000
-0.032049860000
-0.019173420000
-0.011354240000
-0.009932452000
-0.010100840000
-0.005154748000
0.009264040000
0.028470900000
0.041421960000
0.036849690000
0.020060540000
0.004511491000
-0.002378612000
-0.001172650000
0.002697939000
0.006565996000
0.006608423000
-0.000807611600
-0.015184670000
-0.029515480000
-0.033715610000
-0.020151100000
0.001301518000
0.014352210000
0.014000300000
0.004765266000
0.002088669000
0.014499000000
0.033423220000
0.043926900000
0.039825160000
0.022895380000
0.000662885800
-0.013000170000
-0.015376460000
-0.009559447000
-0.003742682000
0.002532800000
0.005873623000
-0.002991178000
-0.017012330000
-0.025181060000
-0.026506950000
-0.025942520000
-0.026056570000
-0.024012480000
-0.017766750000
-0.005316409000
0.009960278000
0.015946760000
0.002039287000
-0.017819590000
-0.025923940000
-0.014486130000
0.006016586000
0.015331470000
0.012965770000
0.010408290000
0.014469600000
0.025558850000
0.035070060000
0.038270330000
0.035793410000
0.029788010000
0.020681590000
0.010371090000
-0.001316146000
-0.009793688000
-0.008689527000
-0.004093734000
-0.002512356000
-0.005241126000
-0.011366910000
-0.018665070000
-0.023855410000
-0.026772570000
-0.025331330000
-0.016453320000
-0.002015006000
0.012986200000
0.024186420000
0.026357070000
0.013864240000
-0.006768123000
-0.022915640000
-0.027921730000
-0.020340220000
-0.003706403000
0.007790949000
0.009922925000
0.007462511000
0.006913601000
0.010218290000
0.015972960000
0.019075840000
0.012883740000
0.002310425000
-0.005353338000
-0.008078950000
-0.006708395000
-0.005612050000
-0.000324759000
0.009106087000
0.017332370000
0.020968450000
0.019042680000
0.013881760000
0.008278028000
0.001117944000
-0.008847944000
-0.021652540000
-0.033926970000
-0.031689240000
-0.012909680000
0.006178051000
0.011500240000
0.008976718000
0.012601230000
0.016293180000
0.013869330000
0.008707121000
0.003122889000
0.002454278000
0.005748663000
0.006013365000
0.003920268000
0.003460079000
0.005733253000
0.008819016000
0.010660930000
0.008972889000
0.001411274000
-0.009405770000
-0.018705210000
-0.022900360000
-0.020539000000
-0.015217840000
-0.009605774000
-0.006208010000
-0.003947148000
-0.001970378000
0.000171397100
-0.000338431400
-0.004405521000
-0.012691510000
-0.020537290000
-0.015927570000
-0.003847734000
0.004162950000
0.009386028000
0.014519090000
0.015694340000
0.009411162000
0.000325829600
-0.004302386000
-0.004557583000
-0.003101986000
0.000825675700
0.008282407000
0.016977140000
0.022797850000
0.022470400000
0.016277840000
0.006963195000
-0.002731595000
-0.011276920000
-0.015284590000
-0.014265430000
-0.008803125000
-0.001995787000
0.002045599000
0.000142106300
0.000575874000
0.003492242000
0.002775008000
-0.007262813000
-0.019876380000
-0.023657960000
-0.021976280000
-0.019764880000
-0.016141370000
-0.009892884000
-0.003921003000
0.001064500000
0.005081642000
0.006965032000
0.003719804000
-0.003426533000
-0.008619309000
-0.004220320000
0.012242560000
0.027849380000
0.027618000000
0.012197510000
-0.010159720000
-0.025960580000
-0.028651330000
-0.021521560000
-0.009434605000
0.006197557000
0.020723210000
0.029266390000
0.029914580000
0.019333310000
0.007652238000
0.003003861000
0.005537501000
0.005852959000
-0.004756150000
-0.019489340000
-0.028819060000
-0.029942180000
-0.024369880000
-0.014203980000
-0.009570226000
-0.010173960000
-0.002685122000
0.010060760000
0.020157530000
0.023966990000
0.023262110000
0.018679420000
0.011565410000
0.000703358500
-0.012712110000
-0.024900810000
-0.032804050000
-0.036245200000
-0.034066150000
-0.029590540000
-0.030442260000
-0.035835070000
-0.035926140000
-0.027057170000
-0.015766270000
-0.003070088000
0.010386630000
0.022703890000
0.029455840000
0.025172600000
0.015495880000
0.006587321000
0.001116770000
0.006261908000
0.016461120000
0.017273470000
0.009680469000
0.005760418000
0.012107440000
0.021525510000
0.023109980000
0.009791512000
-0.008154959000
-0.014843990000
-0.003873474000
0.001712875000
-0.005989962000
-0.013447670000
-0.016752270000
-0.019498670000
-0.022724790000
-0.022828900000
-0.018573300000
-0.012276230000
-0.004421468000
0.005199521000
0.010701340000
0.010943010000
0.015829210000
0.023500920000
0.027165910000
0.023357160000
0.012487180000
0.000087082350
-0.007527438000
-0.006977407000
-0.008423995000
-0.018230170000
-0.020121530000
-0.010785410000
0.000284507800
0.009393933000
0.016054440000
0.022877190000
0.029945360000
0.033454520000
0.032900940000
0.028372420000
0.018214000000
0.008229732000
0.002013722000
-0.005268789000
-0.013860310000
-0.022501490000
-0.031842620000
-0.043058250000
-0.057072520000
-0.072975190000
-0.082579710000
-0.076615850000
-0.055953150000
-0.024535780000
0.011955040000
0.050414410000
0.072936400000
0.082197840000
0.083896370000
0.078600440000
0.074786250000
0.078029210000
0.079542150000
0.069481520000
0.049944140000
0.020469740000
-0.016490640000
-0.050760200000
-0.073778910000
-0.086814490000
-0.096552760000
-0.103605500000
-0.107383200000
-0.105201900000
-0.093875620000
-0.075036880000
-0.046638420000
-0.007451940000
0.022338650000
0.034552630000
0.044533240000
0.048735290000
0.038718910000
0.030778090000
0.041021820000
0.049941460000
0.045514740000
0.041878550000
0.044596400000
0.044549380000
0.042981390000
0.047094780000
0.049347370000
0.040850640000
0.023735470000
-0.002046162000
-0.015880500000
-0.012510870000
-0.002164948000
0.012265100000
0.032124200000
0.047300910000
0.051943130000
0.044350770000
0.033134730000
0.026722500000
0.021649540000
0.009653801000
-0.009786467000
-0.030331770000
-0.042435710000
-0.038821090000
-0.022152360000
-0.004292355000
0.003334936000
-0.008096461000
-0.030761870000
-0.044093430000
-0.048951970000
-0.047212870000
-0.038618380000
-0.026271240000
-0.014092090000
-0.003288182000
0.003300468000
0.001542704000
0.009349573000
0.030037860000
0.051197500000
0.071590500000
0.088225040000
0.099387170000
0.105652100000
0.108958000000
0.108778000000
0.099974150000
0.078405190000
0.047293530000
0.018024670000
-0.004111883000
-0.025660480000
-0.053268860000
-0.081955730000
-0.111205600000
-0.128251700000
-0.127518000000
-0.118395700000
-0.100338000000
-0.075653210000
-0.056864310000
-0.047256740000
-0.040968470000
-0.035376870000
-0.028956430000
-0.022206930000
-0.012647490000
0.000421724000
0.015831470000
0.029511930000
0.035161080000
0.033992210000
0.024671710000
0.004224921000
-0.025852460000
-0.061831700000
-0.092829270000
-0.105372400000
-0.103368500000
-0.084636300000
-0.039354880000
0.015668790000
0.066105260000
0.112838800000
0.145861400000
0.152554400000
0.140552400000
0.119915400000
0.097559910000
0.089427020000
0.090040730000
0.081353830000
0.069234870000
0.059584000000
0.047985090000
0.032494640000
0.013831270000
-0.023533220000
-0.079639260000
-0.134191500000
-0.159430600000
-0.155564800000
-0.135222400000
-0.107901100000
-0.083648820000
-0.055349900000
-0.011544870000
0.031363980000
0.055276010000
0.067923560000
0.076225550000
0.078143610000
0.069870100000
0.050340810000
0.020405770000
-0.009370909000
-0.018556390000
-0.009096343000
0.012010460000
0.042765970000
0.072458750000
0.090680100000
0.096985620000
0.093268240000
0.072722400000
0.033080010000
-0.010887880000
-0.047470910000
-0.062477570000
-0.059768650000
-0.053433800000
-0.047752810000
-0.040922050000
-0.034839360000
-0.034535220000
-0.043694320000
-0.059528070000
-0.073076210000
-0.078177950000
-0.076854030000
-0.069207180000
-0.049919890000
-0.019552360000
0.007137861000
0.017828230000
0.018378730000
0.015850210000
0.010684710000
0.000245459200
-0.011141190000
-0.014617220000
-0.004559307000
0.017830130000
0.036131540000
0.036707350000
0.024321240000
0.006547611000
-0.007241605000
-0.021335970000
-0.050355170000
-0.087665990000
-0.105069800000
-0.093747250000
-0.059082770000
-0.016173670000
0.004544723000
0.004795198000
0.006269683000
0.017210150000
0.032867280000
0.043624460000
0.045038130000
0.040768660000
0.036715830000
0.036754850000
0.042010820000
0.050666650000
0.062239210000
0.075216300000
0.092950940000
0.110729400000
0.114975800000
0.104747600000
0.087255910000
0.068447790000
0.054490500000
0.046857730000
0.039985660000
0.024773930000
-0.002657853000
-0.030107850000
-0.053817270000
-0.080700050000
-0.109086700000
-0.128349300000
-0.128047700000
-0.107931000000
-0.070943230000
-0.026960810000
0.002553796000
0.012936140000
0.017148060000
0.021601270000
0.027507360000
0.037186680000
0.051894640000
0.064649440000
0.065025170000
0.050004010000
0.024455700000
-0.002410392000
-0.022387070000
-0.034211400000
-0.045643590000
-0.057832630000
-0.064490710000
-0.064612010000
-0.061537070000
-0.057708190000
-0.051622070000
-0.039939040000
-0.014905220000
0.029213560000
0.073088640000
0.101396000000
0.111505600000
0.102941900000
0.073661460000
0.031156580000
-0.010189440000
-0.046634220000
-0.076842240000
-0.098582840000
-0.110274100000
-0.114278400000
-0.110799100000
-0.099007870000
-0.078359790000
-0.056454070000
-0.040895610000
-0.032664240000
-0.027783630000
-0.024452320000
-0.019060860000
-0.006016889000
0.013238830000
0.029127750000
0.037629550000
0.040389940000
0.036750040000
0.026633260000
0.009701652000
-0.012720420000
-0.033337030000
-0.046240470000
-0.052025980000
-0.052191860000
-0.049842400000
-0.048607200000
-0.048670270000
-0.048256160000
-0.044159150000
-0.031084350000
-0.012116470000
0.005738062000
0.019313470000
0.030688090000
0.041095570000
0.047172390000
0.046576020000
0.043861120000
0.043324620000
0.043929010000
0.045165090000
0.043397380000
0.032425630000
0.012867560000
-0.006946862000
-0.019107550000
-0.021683300000
-0.020991130000
-0.022779570000
-0.028719720000
-0.036101220000
-0.038081700000
-0.030701270000
-0.014435770000
0.007351067000
0.029997530000
0.050040340000
0.063594650000
0.061259050000
0.028561710000
-0.027382470000
-0.085855410000
-0.129423800000
-0.149014000000
-0.144203100000
-0.114398900000
-0.052394080000
0.007006486000
0.036834530000
0.044958370000
0.040424680000
0.022546920000
-0.000658574500
-0.015849860000
-0.021650010000
-0.033605900000
-0.055180950000
-0.073318060000
-0.079054490000
-0.078107410000
-0.075019210000
-0.068670840000
-0.057572690000
-0.039384750000
-0.016316310000
0.006471366000
0.028677810000
0.054369800000
0.085065540000
0.114602100000
0.136567200000
0.149506400000
0.151958000000
0.143165800000
0.118727000000
0.082245540000
0.047325230000
0.021234530000
0.002941903000
-0.014463430000
-0.032458630000
-0.052515290000
-0.079732150000
-0.102777500000
-0.109551400000
-0.105740000000
-0.094755820000
-0.071155330000
-0.037814060000
-0.005749193000
0.020462990000
0.048127460000
0.082632460000
0.107932300000
0.119037900000
0.122403900000
0.122186100000
0.121229300000
0.118808400000
0.112193700000
0.101771300000
0.091020810000
0.079508600000
0.061126570000
0.032788400000
-0.004938170000
-0.047995040000
-0.090705710000
-0.120381300000
-0.126225100000
-0.116568900000
-0.093968860000
-0.054971830000
-0.007077437000
0.023749180000
0.038405870000
0.051305130000
0.060275260000
0.062670420000
0.062543840000
0.060467320000
0.055177890000
0.047019330000
0.035941460000
0.022586100000
0.008465501000
-0.008312294000
-0.029547560000
-0.050119980000
-0.064294090000
-0.079318910000
-0.093566010000
-0.097552810000
-0.088845170000
-0.062722270000
-0.027166130000
0.000274182600
0.017128490000
0.028678690000
0.040389930000
0.063153880000
0.090306300000
0.113405100000
0.132549200000
0.143766400000
0.144565000000
0.131979700000
0.089603030000
0.025943210000
-0.034500110000
-0.085870370000
-0.139230100000
-0.184621500000
-0.197863900000
-0.181424500000
-0.141416200000
-0.102426300000
-0.084259310000
-0.077799000000
-0.074944970000
-0.078616970000
-0.088472520000
-0.094696980000
-0.084767540000
-0.045405940000
0.021702650000
0.081207700000
0.122584600000
0.153953400000
0.169991900000
0.168637200000
0.146809600000
0.102965200000
0.058278950000
0.036819410000
0.037208450000
0.044408670000
0.049500270000
0.051990290000
0.051520120000
0.044846980000
0.026988370000
0.004024927000
-0.016777750000
-0.028816370000
-0.030585360000
-0.024467000000
-0.012960000000
-0.002291203000
-0.001954087000
-0.015381770000
-0.035925030000
-0.049978810000
-0.047945360000
-0.035290840000
-0.020284200000
-0.004862088000
0.019586700000
0.048362520000
0.071528010000
0.077608890000
0.058148840000
0.011000680000
-0.045601610000
-0.088812590000
-0.107750700000
-0.108373300000
-0.094334120000
-0.060880880000
-0.012832330000
0.035259670000
0.061536140000
0.068364780000
0.075191130000
0.091571230000
0.109298500000
0.119784400000
0.123565300000
0.121797800000
0.103206900000
0.058749660000
-0.003694851000
-0.062312640000
-0.099966310000
-0.122390800000
-0.131608200000
-0.125354000000
-0.097892320000
-0.050147580000
0.001124903000
0.048334550000
0.092872070000
0.120959600000
0.127878700000
0.130640200000
0.135430500000
0.136162600000
0.131099300000
0.121413800000
0.105243500000
0.084101520000
0.059711060000
0.034837650000
0.010736640000
-0.013123530000
-0.034734200000
-0.045976520000
-0.044282070000
-0.034519300000
-0.025220890000
-0.023018500000
-0.028836400000
-0.036388800000
-0.043825160000
-0.061955670000
-0.101780000000
-0.137352000000
-0.154991100000
-0.170266300000
-0.182433600000
-0.177420200000
-0.147809300000
-0.100674500000
-0.055020570000
-0.019342350000
0.006068641000
0.020842880000
0.032600270000
0.043927410000
0.058867000000
0.088794980000
0.096497980000
0.055882640000
0.003948770000
-0.030616860000
-0.034065490000
-0.015958230000
0.016757080000
0.046894320000
0.060443750000
0.068233800000
0.073912100000
0.071518990000
0.057587680000
0.036395750000
0.018007230000
0.012087990000
0.016905560000
0.012785320000
-0.002777892000
-0.015645250000
-0.025761160000
-0.043694300000
-0.065010040000
-0.077430490000
-0.080345330000
-0.073014530000
-0.043485740000
0.008101777000
0.053315680000
0.070609360000
0.071781130000
0.069363140000
0.060425860000
0.039377440000
0.011870700000
-0.014325220000
-0.033334980000
-0.040988420000
-0.040815810000
-0.036291750000
-0.026414710000
-0.006862225000
0.023413000000
0.055350650000
0.078496080000
0.092136890000
0.099791850000
0.098662040000
0.079560870000
0.031287200000
-0.024960960000
-0.066672750000
-0.104242400000
-0.131664300000
-0.137595100000
-0.127082900000
-0.106585500000
-0.085179260000
-0.071194240000
-0.067158210000
-0.069890760000
-0.074687930000
-0.076338290000
-0.066675180000
-0.044862660000
-0.021488180000
-0.007391897000
-0.005270745000
-0.010263780000
-0.017295400000
-0.024863310000
-0.034259890000
-0.045818250000
-0.057763680000
-0.069036840000
-0.076297670000
-0.076356910000
-0.073684220000
-0.073088430000
-0.075858350000
-0.078640610000
-0.078695320000
-0.073061010000
-0.054696520000
-0.017168440000
0.035421520000
0.092331580000
0.137671400000
0.163749200000
0.179873100000
0.190376800000
0.192564800000
0.184469900000
0.164314400000
0.129883000000
0.085568520000
0.042772470000
0.008161685000
-0.014096860000
-0.027817900000
-0.039344920000
-0.047348080000
-0.047974940000
-0.041460250000
-0.029427100000
-0.014536630000
0.004651182000
0.029252330000
0.051066530000
0.060147430000
0.056305020000
0.041301560000
0.017005140000
-0.008678865000
-0.026280070000
-0.033146740000
-0.033369660000
-0.025693140000
-0.006596427000
0.021511130000
0.045048430000
0.056434340000
0.058513600000
0.054551590000
0.048860780000
0.044827000000
0.044943950000
0.047854770000
0.049676340000
0.047878880000
0.043095710000
0.036935690000
0.030130300000
0.023213790000
0.016170700000
0.009713158000
0.003426839000
-0.006930652000
-0.019517480000
-0.031738010000
-0.043481970000
-0.055361010000
-0.064527140000
-0.065451570000
-0.053861020000
-0.031039790000
-0.000163816000
0.026355210000
0.036618670000
0.035424420000
0.029884130000
0.021927480000
0.012701660000
0.004307957000
-0.001781001000
-0.005974909000
-0.009388497000
-0.011758890000
-0.010140670000
-0.003401283000
0.006539429000
0.014632360000
0.017235410000
0.013723190000
0.005747799000
-0.004288111000
-0.011321010000
-0.014209320000
-0.015604580000
-0.015322440000
-0.014391790000
-0.015034130000
-0.018053000000
-0.023199900000
-0.028506640000
-0.031869030000
-0.032856700000
-0.031467330000
-0.027753320000
-0.024684930000
-0.022878610000
-0.022417070000
-0.023255600000
-0.023553530000
-0.022037730000
-0.015729890000
0.003432525000
0.030451950000
0.049549810000
0.057962600000
0.059412880000
0.055632190000
0.044989010000
0.027714890000
0.006662394000
-0.015184640000
-0.034865090000
-0.047796590000
-0.055146320000
-0.061592470000
-0.066961650000
-0.070551500000
-0.071302620000
-0.070211260000
-0.066214950000
-0.058443050000
-0.048298830000
-0.038729010000
-0.031766570000
-0.027782040000
-0.025071110000
-0.024078890000
-0.024337780000
-0.025207780000
-0.026882420000
-0.028398720000
-0.029325860000
-0.028648560000
-0.026028400000
-0.021856210000
-0.017548940000
-0.013391680000
-0.010000270000
-0.009665324000
-0.014749560000
-0.024683230000
-0.035765290000
-0.044110590000
-0.048368520000
-0.047954140000
-0.043517240000
-0.035891340000
-0.027185180000
-0.020763720000
-0.017743910000
-0.016886640000
-0.016114520000
-0.014553680000
-0.010563970000
-0.003045659000
0.007666881000
0.020293360000
0.034025120000
0.046641000000
0.053656710000
0.052414810000
0.044265310000
0.028509650000
0.006836375000
-0.011522490000
-0.025305510000
-0.037341450000
-0.048808460000
-0.058918930000
-0.065043790000
-0.066356590000
-0.060403670000
-0.041997850000
-0.015034690000
0.013702550000
0.041466570000
0.062117950000
0.073809970000
0.080061540000
0.083071500000
0.082217080000
0.079733120000
0.076089130000
0.067339260000
0.052196020000
0.032575030000
0.010929290000
-0.007069880000
-0.015205240000
-0.016192640000
-0.015458950000
-0.013677670000
-0.009608330000
-0.003957540000
0.001995744000
0.007961167000
0.014456630000
0.022511530000
0.034301880000
0.049283520000
0.063403510000
0.074175690000
0.081879590000
0.085931140000
0.084028410000
0.073200620000
0.053217100000
0.031436250000
0.017591660000
0.013212650000
0.012648650000
0.012859720000
0.013250540000
0.013008990000
0.010643930000
0.004739358000
-0.004933626000
-0.017074560000
-0.028835560000
-0.036231690000
-0.038921890000
-0.037769290000
-0.034115260000
-0.028084140000
-0.019522020000
-0.009249932000
0.000344266100
0.010599130000
0.022661070000
0.033330900000
0.039807530000
0.042500830000
0.039726500000
0.030440200000
0.016094440000
0.001810166000
-0.007233678000
-0.009767933000
-0.007865258000
-0.002203779000
0.005077239000
0.011078670000
0.015394560000
0.018482150000
0.020087770000
0.021651790000
0.024064230000
0.028610700000
0.034169850000
0.037962630000
0.037237340000
0.032284860000
0.024874140000
0.016020510000
0.006725343000
-0.001139472000
-0.010668970000
-0.020895230000
-0.027760440000
-0.032339330000
-0.037341760000
-0.039877500000
-0.037632620000
-0.032970260000
-0.028824230000
-0.026991000000
-0.028224900000
-0.031950470000
-0.036811130000
-0.041373450000
-0.044080880000
-0.042553960000
-0.035150030000
-0.024141400000
-0.014594870000
-0.009008804000
-0.009381842000
-0.016773010000
-0.028890650000
-0.041442980000
-0.052311560000
-0.058849550000
-0.058628420000
-0.054645790000
-0.047461900000
-0.034393620000
-0.018820960000
-0.006108028000
0.005026367000
0.015336360000
0.022945790000
0.026447990000
0.026233150000
0.023311110000
0.019310990000
0.015746860000
0.013111850000
0.011264260000
0.012299870000
0.013317520000
0.009276894000
-0.000329054700
-0.012347600000
-0.023543780000
-0.029144690000
-0.026553050000
-0.017185550000
-0.001956057000
0.014892690000
0.031367100000
0.047559370000
0.062419030000
0.072915950000
0.077453920000
0.076771540000
0.069306280000
0.055434700000
0.040937480000
0.027491400000
0.013787960000
-0.000115095200
-0.012891470000
-0.021719750000
-0.028923600000
-0.036520130000
-0.043647600000
-0.050718210000
-0.057492480000
-0.061582700000
-0.061940770000
-0.059311780000
-0.053783330000
-0.047935650000
-0.042214340000
-0.035995060000
-0.029381040000
-0.022924070000
-0.016938540000
-0.010494460000
-0.004413436000
-0.001020841000
0.000784768800
0.001950969000
0.003114059000
0.003983270000
0.004114194000
0.005223469000
0.008918329000
0.018470450000
0.032536330000
0.044342950000
0.052279080000
0.056782820000
0.055453010000
0.049344720000
0.040398240000
0.029672540000
0.021029310000
0.016022840000
0.012276480000
0.009223384000
0.006178143000
0.003550094000
0.000165582900
-0.003887205000
-0.007776729000
-0.009399222000
-0.007427811000
-0.002967411000
0.002797345000
0.006865148000
0.008581971000
0.008227226000
0.006318335000
0.004572902000
0.004217000000
0.005139843000
0.007549321000
0.010091810000
0.012169110000
0.013583390000
0.014042700000
0.014694510000
0.016621630000
0.017029900000
0.013345900000
0.005594055000
-0.002313622000
-0.007216407000
-0.008451917000
-0.006422944000
-0.001745953000
0.004834982000
0.009678795000
0.011532470000
0.011424320000
0.010797630000
0.012370600000
0.015773340000
0.018769620000
0.020208840000
0.019897650000
0.017559740000
0.012021020000
0.003802812000
-0.005197225000
-0.011672610000
-0.013894440000
-0.010718570000
-0.004583760000
0.001693912000
0.006173533000
0.008408151000
0.007637783000
0.004366962000
0.000401262300
-0.003420300000
-0.007533089000
-0.009840566000
-0.009968626000
-0.009390634000
-0.007845616000
-0.005879787000
-0.003769688000
-0.001423593000
-0.001528787000
-0.005034767000
-0.009180508000
-0.012256660000
-0.014620180000
-0.017419340000
-0.020324770000
-0.023435560000
-0.026905930000
-0.030098500000
-0.032249910000
-0.030972690000
-0.023498530000
-0.010841170000
0.003616729000
0.017678610000
0.031891510000
0.042196210000
0.046247010000
0.044660330000
0.037436880000
0.025111590000
0.011998500000
-0.000374976600
-0.010265950000
-0.015479790000
-0.017941650000
-0.019035240000
-0.018582270000
-0.016393670000
-0.013371920000
-0.010234640000
-0.007489657000
-0.003914945000
0.001592388000
0.007213286000
0.012715350000
0.018613470000
0.023549690000
0.024637410000
0.021058250000
0.013321790000
0.001600343000
-0.011179560000
-0.022223720000
-0.028895850000
-0.031909060000
-0.031312750000
-0.025580880000
-0.014687780000
-0.001020631000
0.012991660000
0.025299290000
0.033281600000
0.036978540000
0.037024720000
0.034366320000
0.031454410000
0.028361170000
0.025712340000
0.024167170000
0.022981590000
0.021429600000
0.019374130000
0.016047440000
0.009918562000
0.002123967000
-0.004740550000
-0.010933950000
-0.015839670000
-0.018727640000
-0.020646820000
-0.022554930000
-0.023396380000
-0.024093000000
-0.025813480000
-0.025745390000
-0.023991100000
-0.021591000000
-0.017826280000
-0.012912040000
-0.007841962000
-0.002733564000
0.000834009700
0.002749547000
0.003034499000
0.002120095000
0.001145781000
-0.000648231100
-0.003806976000
-0.007543417000
-0.011543640000
-0.016246270000
-0.021370270000
-0.027513660000
-0.034190550000
-0.039490100000
-0.041485530000
-0.040790960000
-0.036335210000
-0.027691010000
-0.016166940000
-0.005830129000
-0.000637914700
-0.000752344300
-0.004652878000
-0.010569490000
-0.016217250000
-0.020494730000
-0.022937960000
-0.024210530000
-0.024809590000
-0.025151770000
-0.024835380000
-0.024107480000
-0.023640320000
-0.022496520000
-0.020063280000
-0.015790630000
-0.009980798000
-0.004106531000
0.000387123500
0.004162163000
0.006485734000
0.006421640000
0.004020843000
0.000745531500
-0.001765716000
-0.004014018000
-0.005534721000
-0.005680599000
-0.005187205000
-0.004740468000
-0.004432428000
-0.004490458000
-0.005636663000
-0.006550521000
-0.005300437000
-0.003239201000
0.000565092300
0.005678721000
0.009819649000
0.013064500000
0.016057830000
0.018424310000
0.018987200000
0.018129870000
0.016310280000
0.014869810000
0.013430770000
0.011222970000
0.008676884000
0.004477914000
-0.001943488000
-0.007768396000
-0.013065920000
-0.017592380000
-0.020593520000
-0.022191080000
-0.022022830000
-0.020059750000
-0.016068000000
-0.008726709000
0.001224902000
0.012045990000
0.022439810000
0.032700170000
0.041363730000
0.046675040000
0.048375440000
0.047671330000
0.044692510000
0.039747550000
0.034083510000
0.028561450000
0.024107990000
0.020597540000
0.017860500000
0.014623280000
0.011029580000
0.008124155000
0.005191459000
0.001626983000
-0.002287821000
-0.006668145000
-0.010937230000
-0.013724410000
-0.014877470000
-0.015292120000
-0.014435500000
-0.010816970000
-0.006327813000
-0.004304208000
-0.004579371000
-0.005389886000
-0.006825655000
-0.007849737000
-0.006539437000
-0.003039715000
0.001473904000
0.006183787000
0.009586657000
0.011159740000
0.010970070000
0.008248347000
0.003164635000
-0.004645247000
-0.012916220000
-0.018694160000
-0.019639330000
-0.017108500000
-0.011968150000
-0.004936366000
0.003614734000
0.013200890000
0.020936620000
0.025690030000
0.027744820000
0.026788490000
0.023848880000
0.019157600000
0.014992270000
0.012016090000
0.009122648000
0.006381756000
0.004414360000
0.004135073000
0.004899691000
0.005907270000
0.008048085000
0.009461435000
0.009272647000
0.008280239000
0.006307356000
0.002359024000
-0.003713601000
-0.007357594000
-0.006883697000
-0.003785348000
0.001368203000
0.006632551000
0.009377422000
0.008188298000
0.003931242000
-0.002137247000
-0.007623420000
-0.011478650000
-0.013398300000
-0.014707820000
-0.016331010000
-0.019520230000
-0.023477220000
-0.026386640000
-0.027696070000
-0.026014130000
-0.020549100000
-0.011130940000
-0.000149615800
0.009875457000
0.019600420000
0.028002140000
0.032725920000
0.034384330000
0.032855320000
0.027145490000
0.017148290000
0.006144719000
-0.003819133000
-0.011337480000
-0.016011520000
-0.018183600000
-0.019692950000
-0.020340450000
-0.019782520000
-0.018832820000
-0.017050590000
-0.011941890000
-0.004781687000
0.001318525000
0.004715340000
0.005202553000
0.003346816000
0.001344762000
0.000323058500
0.000851174100
0.000651563000
-0.001191939000
-0.004040170000
-0.008903082000
-0.016063270000
-0.023483940000
-0.029107810000
-0.033663550000
-0.035058020000
-0.033158090000
-0.028871770000
-0.021953010000
-0.012893070000
-0.004829314000
0.002488155000
0.009543509000
0.014197950000
0.017273630000
0.020544240000
0.023133980000
0.023661870000
0.023607490000
0.023794300000
0.023013700000
0.020334960000
0.015496840000
0.008670195000
0.001649280000
-0.003862984000
-0.007055303000
-0.007326610000
-0.006102373000
-0.004783168000
-0.004619322000
-0.005802428000
-0.009485106000
-0.013943190000
-0.018686550000
-0.023020850000
-0.026274490000
-0.027593590000
-0.026604740000
-0.024789930000
-0.023050180000
-0.020937920000
-0.018148220000
-0.014977710000
-0.011190800000
-0.006560651000
-0.001412737000
0.003601073000
0.008784894000
0.014443040000
0.019559380000
0.022890060000
0.023796390000
0.022794100000
0.019752510000
0.015815640000
0.011865140000
0.009518501000
0.010319010000
0.014446280000
0.019909260000
0.024179530000
0.025905510000
0.025548610000
0.023750960000
0.020938550000
0.017123940000
0.013105110000
0.011479910000
0.011811060000
0.012346330000
0.013433750000
0.014308470000
0.014354350000
0.013815490000
0.011014310000
0.004790502000
-0.003703266000
-0.013283310000
-0.021965810000
-0.027410470000
-0.028647600000
-0.027940800000
-0.026938620000
-0.023939670000
-0.019574480000
-0.015488300000
-0.010655030000
-0.004936299000
0.000427756400
0.004785937000
0.008331478000
0.011971580000
0.016373340000
0.019434720000
0.020940480000
0.019992540000
0.015634780000
0.008870151000
0.002098581000
-0.002144058000
-0.003980293000
-0.003970149000
-0.002751429000
-0.003158117000
-0.006977941000
-0.012852370000
-0.017999470000
-0.021391430000
-0.022802060000
-0.021851610000
-0.017926910000
-0.011394620000
-0.003111881000
0.005629088000
0.014374840000
0.020829770000
0.024295420000
0.023867370000
0.019262430000
0.012396120000
0.004271881000
-0.002358322000
-0.005785677000
-0.006362074000
-0.004447299000
-0.000488704000
0.004622370000
0.011614530000
0.020317460000
0.027700540000
0.031989060000
0.032457270000
0.029797960000
0.027784670000
0.026688040000
0.025755060000
0.023859740000
0.021617870000
0.018372250000
0.013391930000
0.007647648000
0.002051989000
-0.001928814000
-0.003827229000
-0.003332378000
-0.001805135000
-0.001096708000
-0.000120879200
0.000683611400
0.000674691200
-0.000362601300
-0.004769488000
-0.012102000000
-0.019480660000
-0.024907570000
-0.027738490000
-0.027394110000
-0.024452940000
-0.019360220000
-0.012982990000
-0.006123583000
0.000267524700
0.006378185000
0.010731950000
0.013836110000
0.014602300000
0.013147310000
0.009985483000
0.004598110000
-0.004465677000
-0.014359100000
-0.024353950000
-0.033393120000
-0.038344260000
-0.039837470000
-0.038786100000
-0.035680000000
-0.030655260000
-0.025186700000
-0.019933590000
-0.014778310000
-0.010863700000
-0.008334220000
-0.005897421000
-0.003024721000
-0.000000508070
0.003229918000
0.009037619000
0.015909700000
0.019887270000
0.021467600000
0.019884140000
0.014570680000
0.007148814000
-0.000729713900
-0.007200400000
-0.012111590000
-0.014584930000
-0.013214680000
-0.009774786000
-0.005870534000
-0.002076361000
0.001793778000
0.006412716000
0.010481910000
0.013387330000
0.015658040000
0.018352210000
0.021613800000
0.023218090000
0.022758310000
0.019768370000
0.013011740000
0.005551669000
-0.001329603000
-0.006937373000
-0.010439260000
-0.012419600000
-0.012805080000
-0.012025870000
-0.009256504000
-0.005966794000
-0.003965679000
-0.002460013000
-0.001246098000
-0.000126570600
0.001597111000
0.004082780000
0.007653615000
0.011529770000
0.015293110000
0.019286130000
0.022277050000
0.025690410000
0.029715660000
0.031318010000
0.031244910000
0.029452210000
0.024734070000
0.017831010000
0.009047526000
-0.001830648000
-0.012029350000
-0.021058310000
-0.029195950000
-0.034828870000
-0.036992370000
-0.035162370000
-0.030358020000
-0.024677380000
-0.019250430000
-0.014176760000
-0.009241263000
-0.004170743000
0.000965141400
0.004717300000
0.007406119000
0.008613029000
0.007468057000
0.005830335000
0.003459828000
0.001338095000
0.000332354300
-0.000529478200
-0.000440009800
-0.000236302900
-0.000875866600
-0.001436512000
-0.002262729000
-0.003267784000
-0.003752908000
-0.003722807000
-0.003672439000
-0.003299997000
-0.001041704000
0.001381934000
0.003441002000
0.005447820000
0.006474571000
0.006136327000
0.004997634000
0.002265741000
-0.000877940200
-0.003345229000
-0.004456686000
-0.004405573000
-0.004380181000
-0.003795325000
-0.002089009000
-0.000650711500
0.000519463200
0.001244365000
0.001808727000
0.002650830000
0.003325710000
0.003610819000
0.003264366000
0.003430003000
0.004193544000
0.004328636000
0.004147184000
0.004038974000
0.003954404000
0.003507183000
0.002298611000
0.001923691000
0.002870991000
0.004561361000
0.006806524000
0.009324964000
0.011893180000
0.012533760000
0.011044710000
0.008671581000
0.005635466000
0.002897851000
0.000730365800
-0.001171481000
-0.001978459000
-0.001884049000
-0.001840147000
-0.001677665000
-0.000247943100
0.001381065000
0.002561741000
0.002871242000
0.003400378000
0.004512503000
0.005548032000
0.006310280000
0.006839421000
0.007648483000
0.008839944000
0.009297384000
0.008469110000
0.005975736000
0.002298535000
-0.002648298000
-0.008450255000
-0.013068290000
-0.016969930000
-0.020509180000
-0.022104170000
-0.021844810000
-0.020686440000
-0.018485660000
-0.016890370000
-0.015139750000
-0.013931100000
-0.013130770000
-0.012959100000
-0.013054200000
-0.012054310000
-0.009635225000
-0.007094351000
-0.005119772000
-0.003903133000
-0.002260742000
-0.000473667600
0.000551726500
0.000322704600
-0.001298372000
-0.003281532000
-0.005455500000
-0.008292273000
-0.010764310000
-0.011830120000
-0.010390490000
-0.006931623000
-0.001214513000
0.005427793000
0.009967439000
0.013595610000
0.016689300000
0.018323500000
0.018244760000
0.016278710000
0.013005920000
0.008715504000
0.003230670000
-0.003007538000
-0.008792866000
-0.013125730000
-0.015246040000
-0.015214640000
-0.013689450000
-0.010419340000
-0.005989239000
-0.001553480000
0.001757269000
0.003506547000
0.004187732000
0.003639611000
0.002523824000
0.000181637300
-0.003628357000
-0.007498848000
-0.009553761000
-0.010742990000
-0.011395040000
-0.010802040000
-0.010067830000
-0.009359455000
-0.008733867000
-0.007474192000
-0.005385253000
-0.001582283000
0.003608713000
0.008374341000
0.011444900000
0.011990250000
0.010505920000
0.006285556000
0.000305138200
-0.006330775000
-0.011196630000
-0.013409640000
-0.015464310000
-0.016786010000
-0.016506370000
-0.015533640000
-0.015054640000
-0.015152620000
-0.015011080000
-0.013373500000
-0.010553210000
-0.006014290000
-0.000455076200
0.004407649000
0.007070580000
0.008519245000
0.008885287000
0.008405598000
0.008622289000
0.009085140000
0.007996414000
0.006041367000
0.004807430000
0.004788311000
0.004925930000
0.004764699000
0.004351224000
0.002819077000
0.000371168900
-0.002613754000
-0.006238710000
-0.009870444000
-0.011714050000
-0.010571250000
-0.008445331000
-0.004826633000
-0.000846860200
0.002032826000
0.004503275000
0.006913481000
0.008420297000
0.008701252000
0.008476399000
0.008436271000
0.007872528000
0.005828685000
0.003510931000
0.000678923200
-0.003124037000
-0.007014706000
-0.009405785000
-0.010619540000
-0.010873110000
-0.008867386000
-0.006277750000
-0.002748808000
0.000712987300
0.004419181000
0.009545803000
0.015115330000
0.019902980000
0.023805730000
0.026545010000
0.026937890000
0.026444090000
0.025493820000
0.023046240000
0.020189940000
0.017195660000
0.013813810000
0.009799604000
0.003338993000
-0.003331668000
-0.007629261000
-0.010502540000
-0.011490950000
-0.009669215000
-0.005970959000
-0.001608190000
0.001455271000
0.003489847000
0.004166680000
0.003913376000
0.004096260000
0.004814391000
0.005741994000
0.005880659000
0.006052815000
0.006099441000
0.005532837000
0.004242775000
0.002684088000
0.001454339000
0.001237427000
0.000994963700
0.000112337000
-0.001579077000
-0.003192476000
-0.003323011000
-0.001056292000
0.002791490000
0.007625663000
0.012601970000
0.016974120000
0.021223510000
0.024723720000
0.026267570000
0.025771330000
0.023102620000
0.018425310000
0.011840490000
0.003858955000
-0.003196224000
-0.008502388000
-0.012582930000
-0.014651480000
-0.015007870000
-0.014008190000
-0.010948230000
-0.006582648000
-0.002228135000
0.000831696500
0.002854492000
0.004191621000
0.005209737000
0.005032635000
0.004490421000
0.004181893000
0.004407330000
0.004437954000
0.004872299000
0.004690330000
0.003352392000
0.001847325000
-0.000130953900
-0.002876272000
-0.005862713000
-0.008165660000
-0.009378241000
-0.009104022000
-0.008011376000
-0.007006818000
-0.006938268000
-0.007070022000
-0.006965895000
-0.007037193000
-0.007664474000
-0.007877884000
-0.008086229000
-0.008826540000
-0.009993004000
-0.011777680000
-0.013511770000
-0.014282740000
-0.014405030000
-0.014059110000
-0.012410550000
-0.009708350000
-0.006016570000
-0.002094654000
0.001152569000
0.003475572000
0.004570491000
0.005294224000
0.005565207000
0.005103398000
0.004028475000
0.002408220000
0.000215858100
-0.001880560000
-0.003896041000
-0.005836506000
-0.007042882000
-0.007086551000
-0.006641609000
-0.005568946000
-0.004164266000
-0.003618147000
-0.003170056000
-0.002358573000
-0.001626574000
-0.001232683000
-0.000493678800
0.000828707700
0.001801134000
0.002388788000
0.002721498000
0.001934805000
0.000431527200
-0.000914561000
-0.002283950000
-0.003592743000
-0.004363062000
-0.004388779000
-0.003945642000
-0.003046806000
-0.002173094000
-0.001523120000
-0.000620917500
0.000411463200
0.001342113000
0.002055204000
0.002738642000
0.002817173000
0.002613838000
0.002505506000
0.002432109000
0.002256086000
0.001733278000
0.001128624000
0.000809672700
0.000441273300
0.000182051800
0.000448665200
0.001065827000
0.001790679000
0.002508596000
0.003020929000
0.003412062000
0.003765532000
0.003771543000
0.003376263000
0.002588961000
0.001651817000
0.000847721200
0.000160698800
-0.000429236100
-0.000792323000
-0.000955346300
-0.001089138000
-0.001068968000
-0.001149215000
-0.001235241000
-0.001099864000
-0.000828866700
-0.000497170000
-0.000205045000
0.000079325580
0.000442587000
0.000800393700
0.001043187000
0.001197195000
0.001273424000
0.001259023000
0.001193931000
0.001036847000
0.000850609500
0.000719483800
0.000598982400
0.000485489000
0.000358472900
0.000230555500
0.000117236900
0.000038954880
-0.000010256490
-0.000047073580
-0.000055846090
-0.000041625400
-0.000022168600
-0.000003957585
-0.000006648389
-0.000012638940
-0.000020155390
-0.000027999150
-0.000032973350
-0.000040381480
-0.000043175600
-0.000041010500
-0.000038724520
-0.000038654020
-0.000037601400
-0.000036655630
-0.000032108940
-0.000025621530
-0.000019027590
-0.000016128390
-0.000016983230
-0.000019460350
-0.000022448140
-0.000025928170
-0.000027872260
-0.000028145540
-0.000026804380
-0.000023794620
-0.000019623040
-0.000014473320
-0.000008263122
-0.000001660314
0.000005427570
0.000012776190
0.000020200940
0.000027656470
0.000035095590
0.000042454460
0.000049699590
0.000056860180
0.000063975070
0.000071052870
0.000078102030
0.000085126980
0.000092125840
0.000099093650
0.000000000000
0.000000000000
0.000000000000
0.000000000000
0.000000000000
0.000000000000
0.000000000000
0.000000000000
0.000000000000
0.000000000000
0.000000000000
0.000000000000
0.000000000000
0.000000000000
0.000000000000
0.000000000000
0.000000000000
0.000000000000
0.000000000000
0.000000000000
0.000000000000
0.000000000000
0.000000000000
0.000000000000
0.000000000000
0.000000000000
0.000000000000
0.000000000000
0.000000000000
0.000000000000
0.000000000000
0.000000000000
0.000000000000
0.000000000000
0.000000000000
0.000000000000
0.000000000000
0.000000000000
0.000000000000
0.000000000000
0.000000000000
0.000000000000
0.000000000000
0.000000000000
0.000000000000
0.000000000000
0.000000000000
0.000000000000
0.000000000000
0.000000000000
0.000000000000
0.000000000000
0.000000000000
0.000000000000
0.000000000000
0.000000000000
0.000000000000
0.000000000000
0.000000000000
0.000000000000
0.000000000000
0.000000000000
0.000000000000
0.000000000000
0.000000000000
0.000000000000
0.000000000000
0.000000000000
0.000000000000
0.000000000000
0.000000000000
0.000000000000
0.000000000000
0.000000000000
0.000000000000
0.000000000000
0.000000000000
0.000000000000
0.000000000000
0.000000000000
0.000000000000
0.000000000000
0.000000000000
0.000000000000
0.000000000000
0.000000000000
0.000000000000
0.000000000000
0.000000000000
0.000000000000
0.000000000000
0.000000000000
0.000000000000
0.000000000000
0.000000000000
0.000000000000
0.000000000000
0.000000000000
0.000000000000
0.000000000000
0.000000000000
0.000000000000
0.000000000000
0.000000000000
0.000000000000
0.000000000000
0.000000000000
0.000000000000
0.000000000000
0.000000000000
0.000000000000
0.000000000000
0.000000000000
0.000000000000
0.000000000000
0.000000000000
0.000000000000
0.000000000000
0.000000000000
0.000000000000
0.000000000000
0.000000000000
0.000000000000
0.000000000000
0.000000000000
0.000000000000
0.000000000000
0.000000000000
0.000000000000
0.000000000000
0.000000000000
0.000000000000
0.000000000000
0.000000000000
0.000000000000
0.000000000000
0.000000000000
0.000000000000
0.000000000000
0.000000000000
0.000000000000
0.000000000000
0.000000000000
0.000000000000
0.000000000000
0.000000000000
0.000000000000
0.000000000000
0.000000000000
0.000000000000
0.000000000000
0.000000000000
0.000000000000
0.000000000000
0.000000000000
0.000000000000
0.000000000000
0.000000000000
0.000000000000
0.000000000000
0.000000000000
0.000000000000
0.000000000000
0.000000000000
0.000000000000
0.000000000000
0.000000000000
0.000000000000
0.000000000000
0.000000000000
0.000000000000
0.000000000000
0.000000000000
0.000000000000
0.000000000000
0.000000000000
0.000000000000
0.000000000000
0.000000000000
0.000000000000
0.000000000000
0.000000000000
0.000000000000
0.000000000000
0.000000000000
0.000000000000
0.000000000000
0.000000000000
0.000000000000
0.000000000000
0.000000000000
0.000000000000
0.000000000000
0.000000000000
0.000000000000
0.000000000000
0.000000000000
0.000000000000
0.000000000000
0.000000000000
0.000000000000
0.000000000000
0.000000000000
0.000000000000
0.000000000000
0.000000000000
0.000000000000
0.000000000000
0.000000000000
0.000000000000
0.000000000000
0.000000000000
0.000000000000
0.000000000000
0.000000000000
0.000000000000
0.000000000000
0.000000000000
0.000000000000
0.000000000000
0.000000000000
0.000000000000
0.000000000000
0.000000000000
0.000000000000
0.000000000000
0.000000000000
0.000000000000
0.000000000000
0.000000000000
0.000000000000
0.000000000000
0.000000000000
0.000000000000
0.000000000000
0.000000000000
0.000000000000
0.000000000000
0.000000000000
0.000000000000
0.000000000000
0.000000000000
0.000000000000
0.000000000000
0.000000000000
0.000000000000
0.000000000000
0.000000000000
0.000000000000
0.000000000000
0.000000000000
0.000000000000
0.000000000000
0.000000000000
0.000000000000
0.000000000000
0.000000000000
0.000000000000
0.000000000000
0.000000000000
0.000000000000
0.000000000000
0.000000000000
0.000000000000
0.000000000000
0.000000000000
0.000000000000
0.000000000000
0.000000000000
0.000000000000
0.000000000000
0.000000000000
0.000000000000
0.000000000000
0.000000000000
0.000000000000
0.000000000000
0.000000000000
0.000000000000
0.000000000000
0.000000000000
0.000000000000
0.000000000000
0.000000000000
0.000000000000
0.000000000000
0.000000000000
0.000000000000
0.000000000000
0.000000000000
0.000000000000
0.000000000000
0.000000000000
0.000000000000
0.000000000000
0.000000000000
0.000000000000
0.000000000000
0.000000000000
0.000000000000
0.000000000000
0.000000000000
0.000000000000
0.000000000000
0.000000000000
0.000000000000
0.000000000000
0.000000000000
0.000000000000
0.000000000000
0.000000000000
0.000000000000
0.000000000000
0.000000000000
0.000000000000
0.000000000000
0.000000000000
0.000000000000
0.000000000000
0.000000000000
0.000000000000
0.000000000000
0.000000000000
0.000000000000
0.000000000000
0.000000000000
0.000000000000
0.000000000000
0.000000000000
0.000000000000
0.000000000000
0.000000000000
0.000000000000
0.000000000000
0.000000000000
0.000000000000
0.000000000000
0.000000000000
0.000000000000
0.000000000000
0.000000000000
0.000000000000
0.000000000000
0.000000000000
0.000000000000
0.000000000000
0.000000000000
0.000000000000
0.000000000000
0.000000000000
0.000000000000
0.000000000000
0.000000000000
0.000000000000
0.000000000000
0.000000000000
0.000000000000
0.000000000000
0.000000000000
0.000000000000
0.000000000000
0.000000000000
0.000000000000
0.000000000000
0.000000000000
0.000000000000
0.000000000000
0.000000000000
0.000000000000
0.000000000000
0.000000000000
0.000000000000
0.000000000000
0.000000000000
0.000000000000
0.000000000000
0.000000000000
0.000000000000
0.000000000000
0.000000000000
0.000000000000
0.000000000000
0.000000000000
0.000000000000
0.000000000000
0.000000000000
0.000000000000
0.000000000000
0.000000000000
0.000000000000
0.000000000000
0.000000000000
0.000000000000
0.000000000000
0.000000000000
0.000000000000
0.000000000000
0.000000000000
0.000000000000
0.000000000000
0.000000000000
0.000000000000
0.000000000000
0.000000000000
0.000000000000
0.000000000000
0.000000000000
0.000000000000
0.000000000000
0.000000000000
0.000000000000
0.000000000000
0.000000000000
0.000000000000
0.000000000000
0.000000000000
0.000000000000
0.000000000000
0.000000000000
0.000000000000
0.000000000000
0.000000000000
0.000000000000
0.000000000000
0.000000000000
0.000000000000
0.000000000000
0.000000000000
0.000000000000
0.000000000000
0.000000000000
0.000000000000
0.000000000000
0.000000000000
0.000000000000
0.000000000000
0.000000000000
0.000000000000
0.000000000000
0.000000000000
0.000000000000
0.000000000000
0.000000000000
0.000000000000
0.000000000000
0.000000000000
0.000000000000
0.000000000000
0.000000000000
0.000000000000
0.000000000000
0.000000000000
0.000000000000
0.000000000000
0.000000000000
0.000000000000
0.000000000000
0.000000000000
0.000000000000
0.000000000000
0.000000000000
0.000000000000
0.000000000000
0.000000000000
0.000000000000
0.000000000000
0.000000000000
0.000000000000
0.000000000000
0.000000000000
0.000000000000
0.000000000000
0.000000000000
0.000000000000
0.000000000000
0.000000000000
0.000000000000
0.000000000000
0.000000000000
0.000000000000
0.000000000000
0.000000000000
0.000000000000
0.000000000000
0.000000000000
0.000000000000
0.000000000000
0.000000000000
0.000000000000
0.000000000000
0.000000000000
0.000000000000
0.000000000000
0.000000000000
0.000000000000
0.000000000000
0.000000000000
0.000000000000
0.000000000000
0.000000000000
