0.000508930400
0.000509637200
0.000509976300
0.000507941800
0.000505493100
0.000504789500
0.000502979700
0.000503188300
0.000505544500
0.000505058400
0.000505991700
0.000507750300
0.000504862400
0.000497534800
0.000513585100
0.000506746400
0.000453975300
0.000439379800
0.000450074400
0.000405045800
0.000340545800
0.000356391700
0.000424674400
0.000473337700
0.000552521300
0.000564869800
0.000620480400
0.000872180900
0.000950055600
0.000627080800
0.000136044100
-0.000210141800
-0.000138985900
-0.000062456340
-0.000134774400
0.000312066800
0.000632100200
0.000399887100
0.000762464900
0.001158591000
0.000901258100
0.000907509700
0.000799037500
0.000342967600
0.001169476000
0.001423212000
-0.000605189900
-0.001312052000
0.000392356700
0.000834801400
-0.000948404100
-0.001304997000
0.000603448900
0.001990073000
0.001465155000
0.001014875000
0.002245929000
0.002997204000
0.001772791000
0.000021913080
-0.000772040300
-0.001277977000
-0.001152872000
-0.001040262000
-0.001496190000
-0.000382051500
0.001573234000
0.001052207000
0.002978405000
0.006412634000
0.002838605000
-0.004048142000
-0.002295291000
0.002673586000
0.000429749800
-0.003779829000
-0.002724034000
0.001431209000
0.004551141000
0.003989768000
-0.001468039000
-0.008542572000
-0.007916282000
-0.002113630000
-0.002089868000
-0.003656514000
-0.000899365600
0.003679801000
0.007316656000
0.005935373000
-0.000172721700
-0.002995991000
-0.001354600000
0.000496028800
0.001692732000
-0.003876254000
-0.011733880000
-0.008946481000
0.003609288000
0.014280640000
0.019211560000
0.014659830000
0.005034907000
-0.000480012900
-0.001422168000
-0.006254485000
-0.011964170000
-0.002747648000
0.013845220000
0.015170940000
0.004319628000
0.004495148000
0.008039766000
0.005932417000
0.004532959000
-0.001375574000
-0.010543760000
-0.007285702000
0.001457151000
-0.002493501000
-0.000872681600
0.017366600000
0.026281140000
0.017548870000
0.012879010000
0.008916618000
-0.002340210000
-0.007747651000
-0.001233777000
-0.000386803100
-0.010746980000
-0.014308880000
-0.004618583000
0.000108538300
-0.003431739000
0.003562298000
0.013668950000
0.013147960000
0.015823830000
0.026507460000
0.030490510000
0.027764920000
0.024799440000
0.015272700000
0.002607325000
-0.008113734000
-0.024530050000
-0.042669240000
-0.032179860000
0.006425870000
0.045694300000
0.066984400000
0.058180500000
0.032307490000
0.016207680000
0.009148578000
-0.000119698000
-0.016826240000
-0.039186430000
-0.049422380000
-0.030850440000
-0.000141217000
0.015042650000
0.019871750000
0.021429630000
0.014178020000
0.010001930000
0.008603818000
-0.008586708000
-0.033839610000
-0.031558060000
0.003369414000
0.045492810000
0.068161390000
0.056471040000
0.020028530000
-0.012221790000
-0.021448570000
-0.033124570000
-0.056998570000
-0.052856370000
-0.021402250000
0.016066040000
0.049013580000
0.067240620000
0.060311190000
0.034235960000
0.000064895740
-0.029492260000
-0.046050660000
-0.037600620000
-0.023005980000
-0.015551510000
-0.007475116000
-0.006368065000
-0.019394710000
-0.028115770000
-0.016442790000
-0.002393176000
-0.002859836000
-0.011995350000
-0.018107770000
-0.016489630000
-0.010059880000
-0.011468550000
-0.021153700000
-0.015628260000
0.001976888000
0.012484880000
0.005367205000
-0.004278517000
-0.001495437000
-0.001039938000
-0.014889790000
-0.029770970000
-0.023368690000
0.011179210000
0.047427080000
0.049454740000
0.020737790000
-0.002569498000
-0.001003762000
0.003972986000
-0.008208258000
-0.022297790000
-0.013987490000
-0.000127270200
-0.002067474000
-0.015752640000
-0.032162280000
-0.039197410000
-0.035229710000
-0.041428850000
-0.048688330000
-0.033518900000
0.000133745200
0.034030820000
0.047971760000
0.045493810000
0.037414370000
0.019009890000
-0.018588890000
-0.066769900000
-0.077681870000
-0.044056150000
-0.016554470000
-0.021852770000
-0.024630990000
-0.000427856800
0.022979630000
0.031577870000
0.036287940000
0.047246660000
0.044510430000
0.030559090000
0.033138400000
0.034868910000
0.016901500000
-0.002519361000
-0.003331906000
0.005153894000
-0.006440012000
-0.044948520000
-0.063755960000
-0.047616930000
-0.025591930000
-0.010074230000
-0.000010626060
-0.005418277000
-0.016921150000
-0.003058885000
0.025901610000
0.035800700000
0.017340460000
-0.014732670000
-0.046082580000
-0.068048120000
-0.069160110000
-0.052697060000
-0.016640830000
0.022175830000
0.033385340000
0.017429650000
0.000715235700
-0.006361956000
-0.011173700000
-0.013064220000
-0.012633030000
-0.017657910000
-0.032658460000
-0.037508260000
-0.016859400000
0.005729753000
0.006247140000
0.003157590000
0.015302230000
0.027131870000
0.028191140000
0.016477720000
-0.015815090000
-0.041525570000
-0.021421960000
0.019677030000
0.033606980000
0.004795729000
-0.031838020000
-0.040165330000
-0.031474210000
-0.024987980000
-0.027099260000
-0.035971150000
-0.036596660000
-0.016606440000
0.013534180000
0.027664810000
0.016889370000
0.011758390000
0.036641590000
0.063356420000
0.058896520000
0.036845840000
0.019331250000
0.006811221000
0.001674480000
0.002995470000
-0.005816457000
-0.022506900000
-0.026880160000
-0.027083240000
-0.041728340000
-0.057312520000
-0.067782120000
-0.086316540000
-0.113927700000
-0.132419800000
-0.127794100000
-0.111659600000
-0.100933900000
-0.102285200000
-0.110092300000
-0.111747300000
-0.098811120000
-0.077250550000
-0.049664050000
-0.016769380000
0.015012450000
0.037427550000
0.041134990000
0.042799780000
0.065661900000
0.095060630000
0.099193520000
0.085300880000
0.085180970000
0.102056900000
0.108378200000
0.080394740000
0.010588960000
-0.078327810000
-0.131487400000
-0.145800000000
-0.158677300000
-0.183562900000
-0.203356900000
-0.211503800000
-0.211514500000
-0.201081800000
-0.178264000000
-0.155829500000
-0.143682500000
-0.136415600000
-0.124175400000
-0.096239440000
-0.044788390000
0.013025130000
0.061436870000
0.109523400000
0.157489300000
0.191956900000
0.206534000000
0.204451100000
0.203486700000
0.212081200000
0.222334500000
0.225228300000
0.223230700000
0.223347200000
0.220008500000
0.204232400000
0.180863400000
0.164638400000
0.159449600000
0.159126200000
0.148102100000
0.128679200000
0.121035000000
0.124475000000
0.115070700000
0.084685990000
0.051644540000
0.038955740000
0.038119960000
0.036136360000
0.028876660000
0.007296045000
-0.020840940000
-0.046139170000
-0.069609050000
-0.094193420000
-0.129889000000
-0.186143600000
-0.227634600000
-0.224859200000
-0.196702100000
-0.169495900000
-0.138533200000
-0.110494100000
-0.103341800000
-0.107034500000
-0.086572730000
-0.055542710000
-0.040205510000
-0.026902310000
0.007527257000
0.063774830000
0.108159700000
0.109633400000
0.097462960000
0.099753740000
0.107745100000
0.107851500000
0.106025400000
0.107722000000
0.106935400000
0.105205900000
0.111528200000
0.135203900000
0.162690400000
0.150200200000
0.079006720000
-0.012767070000
-0.076763870000
-0.110304000000
-0.134083700000
-0.153916300000
-0.151102400000
-0.102356900000
-0.026176230000
0.023942040000
0.065389540000
0.131149800000
0.187926400000
0.209735100000
0.215749000000
0.223047700000
0.229749100000
0.228098000000
0.210228500000
0.117468200000
-0.031338420000
-0.162367000000
-0.262888700000
-0.335007900000
-0.341480400000
-0.271746900000
-0.186842600000
-0.127301200000
-0.067319740000
-0.022909490000
-0.005015289000
0.005719412000
0.012291460000
0.009833941000
0.014420380000
0.036862510000
0.069246160000
0.096908580000
0.101780900000
0.084752590000
0.066215710000
0.054420520000
0.044784920000
0.032345890000
0.027700680000
0.046684470000
0.089918640000
0.130095400000
0.139157600000
0.123354700000
0.108528300000
0.124415000000
0.166838200000
0.190633400000
0.188144300000
0.186649500000
0.187701800000
0.167562100000
0.076915660000
-0.050440130000
-0.149656000000
-0.214539600000
-0.245293900000
-0.246215100000
-0.218384400000
-0.174575000000
-0.142507700000
-0.132493800000
-0.136855900000
-0.132063500000
-0.117111100000
-0.100856100000
-0.079611280000
-0.051533690000
-0.019906860000
0.000638893300
0.023804160000
0.079024570000
0.158937300000
0.203679100000
0.204649500000
0.182438200000
0.148537200000
0.135535600000
0.161040300000
0.196870500000
0.208731800000
0.185559600000
0.122108700000
0.026067570000
-0.090829490000
-0.219832600000
-0.281480000000
-0.257594400000
-0.251006000000
-0.256916500000
-0.223737700000
-0.178267400000
-0.162327000000
-0.171172800000
-0.187643800000
-0.205576800000
-0.209564900000
-0.190359300000
-0.156618100000
-0.112657500000
-0.069329800000
-0.034926210000
-0.004126091000
0.028867230000
0.067417240000
0.105221500000
0.136330400000
0.161784000000
0.184242300000
0.196532600000
0.193010200000
0.174670600000
0.155515700000
0.146646500000
0.138312400000
0.118165800000
0.085669980000
0.050463280000
0.024651230000
0.015392560000
0.023284390000
0.025377340000
0.003820458000
-0.041967190000
-0.098502550000
-0.150277500000
-0.178925900000
-0.187466900000
-0.179103100000
-0.155318000000
-0.113481700000
-0.060457450000
-0.022214350000
-0.001018049000
0.004467411000
-0.005987736000
-0.037467720000
-0.066289230000
-0.054357930000
-0.004136358000
0.051456600000
0.094581290000
0.123292200000
0.142819300000
0.135786900000
0.071264320000
-0.040434670000
-0.102449500000
-0.089031750000
-0.057548980000
-0.038376300000
-0.017783300000
0.007608163000
0.015021180000
-0.001493400000
-0.021666010000
-0.030558790000
-0.033840490000
-0.030494420000
-0.014757330000
0.000624105400
0.010288240000
0.014733950000
0.023467510000
0.041875570000
0.063867910000
0.073311310000
0.063100500000
0.053241420000
0.053050050000
0.039873230000
-0.010536340000
-0.066021940000
-0.082229570000
-0.072953070000
-0.075860440000
-0.092389010000
-0.097525770000
-0.077703320000
-0.055701680000
-0.058363140000
-0.083927140000
-0.107064600000
-0.120336600000
-0.133206700000
-0.135589300000
-0.119236200000
-0.100594200000
-0.104933800000
-0.134751800000
-0.156576100000
-0.149073200000
-0.139044200000
-0.139647700000
-0.132646800000
-0.109243500000
-0.062866420000
0.006690305000
0.078588900000
0.126508100000
0.139067900000
0.140505400000
0.149176500000
0.161682700000
0.173278200000
0.183110300000
0.201381000000
0.219812900000
0.216406800000
0.184067700000
0.127197200000
0.051146860000
-0.015415220000
-0.056390190000
-0.089173640000
-0.120451000000
-0.144377500000
-0.152293000000
-0.136229200000
-0.078868110000
-0.002994220000
0.051303700000
0.083277960000
0.103920500000
0.106395600000
0.088002660000
0.066897700000
0.072293640000
0.087476770000
0.079486930000
0.062333120000
0.054498870000
0.041698230000
0.015122860000
-0.009064710000
-0.023549730000
-0.032032880000
-0.038022050000
-0.042255080000
-0.038811060000
-0.024393440000
-0.002534541000
0.014259540000
0.022000090000
0.027614040000
0.026517090000
0.017175250000
0.021640630000
0.051685470000
0.074328610000
0.062032310000
0.021766310000
-0.014177510000
-0.030465810000
-0.023983260000
-0.007579514000
0.008576334000
0.029394160000
0.058906420000
0.090392490000
0.120620200000
0.148050900000
0.171400100000
0.188351300000
0.177519700000
0.137071900000
0.099904030000
0.079174710000
0.064164550000
0.045571870000
0.020639830000
-0.025994650000
-0.089112640000
-0.116493000000
-0.120503300000
-0.134555000000
-0.139802000000
-0.112041400000
-0.058545360000
-0.007103312000
0.028304140000
0.039291120000
0.034118180000
0.022819400000
0.005686637000
-0.015191510000
-0.046424790000
-0.089771860000
-0.121812900000
-0.133493800000
-0.128903800000
-0.118942800000
-0.117095500000
-0.128209200000
-0.163619000000
-0.213780300000
-0.223013300000
-0.196964400000
-0.172418600000
-0.155127400000
-0.129204600000
-0.092481630000
-0.057142800000
-0.033803670000
-0.016489870000
0.000046475420
0.012663370000
0.017792330000
0.014972920000
0.015245320000
0.020610160000
0.016542850000
-0.003046410000
-0.023226700000
-0.029958340000
-0.021781620000
0.001555512000
0.034354750000
0.064403140000
0.095239070000
0.123649700000
0.132920000000
0.119679600000
0.111600700000
0.110928800000
0.097402290000
0.074512190000
0.057578370000
0.053367110000
0.061213670000
0.069859870000
0.069403640000
0.071356740000
0.094741140000
0.113076900000
0.087410180000
0.021319800000
-0.048071200000
-0.104398800000
-0.158725000000
-0.206511400000
-0.216316100000
-0.161831600000
-0.084824740000
-0.050355060000
-0.051124020000
-0.057054820000
-0.053230810000
-0.039436510000
-0.022868220000
-0.010317010000
-0.006972253000
-0.012467700000
-0.011223510000
-0.001154767000
0.008703765000
0.016716920000
0.024396780000
0.031001320000
0.022071200000
-0.005828063000
-0.028361170000
-0.007585326000
0.044168240000
0.082905400000
0.097966540000
0.117537600000
0.154613600000
0.204153600000
0.243435800000
0.254266000000
0.242365300000
0.211927600000
0.161938700000
0.099091300000
0.040501310000
0.004299691000
-0.006713871000
0.007703021000
0.015587810000
0.006351808000
0.004126983000
0.019860170000
0.039404330000
0.054038300000
0.070520510000
0.094489270000
0.119607100000
0.132682700000
0.132011400000
0.133705100000
0.147716000000
0.158596900000
0.153172500000
0.126582700000
0.093092940000
0.070951320000
0.058387840000
0.044782260000
0.029792170000
0.017562950000
0.006075524000
-0.020957860000
-0.062507770000
-0.091457140000
-0.105976800000
-0.115605800000
-0.116434100000
-0.105414600000
-0.086037650000
-0.062730920000
-0.048107820000
-0.050716800000
-0.065745350000
-0.079506810000
-0.093703190000
-0.115207400000
-0.135895400000
-0.152525900000
-0.165983400000
-0.177605600000
-0.184112400000
-0.190874500000
-0.201769500000
-0.212800800000
-0.218602600000
-0.211869900000
-0.191218400000
-0.166617100000
-0.152802500000
-0.153717900000
-0.164718800000
-0.182161300000
-0.197959300000
-0.202112100000
-0.190916300000
-0.168868100000
-0.145986000000
-0.128730500000
-0.115427100000
-0.098312740000
-0.069342380000
-0.032128260000
0.002603085000
0.024043120000
0.033644540000
0.041690060000
0.050716240000
0.054940400000
0.055144290000
0.062658310000
0.075437510000
0.083921930000
0.082859630000
0.074447680000
0.058537510000
0.033577950000
0.001194790000
-0.036391150000
-0.078757800000
-0.121772600000
-0.162296100000
-0.185173400000
-0.169874500000
-0.124440800000
-0.062886080000
-0.004763742000
0.035807620000
0.070645400000
0.109683100000
0.145313900000
0.168873500000
0.179951200000
0.184211800000
0.182618400000
0.162618200000
0.116779200000
0.067834880000
0.020524340000
-0.016623500000
-0.043865120000
-0.068255510000
-0.095372300000
-0.120954900000
-0.135919700000
-0.139779900000
-0.128463900000
-0.088377970000
-0.025574840000
0.040284680000
0.094595590000
0.124885800000
0.136006900000
0.143410200000
0.152171300000
0.156363200000
0.152779300000
0.141691200000
0.129403700000
0.134447900000
0.147223900000
0.151097400000
0.146140900000
0.138184100000
0.130764100000
0.118186000000
0.085897410000
0.042901980000
0.017876670000
0.017475880000
0.029684310000
0.046856060000
0.067564220000
0.089446770000
0.105638100000
0.119996000000
0.133738200000
0.139245500000
0.135089200000
0.116663800000
0.078913110000
0.052838520000
0.046317450000
0.047363140000
0.050424370000
0.057869330000
0.070702720000
0.085815970000
0.096138430000
0.098135280000
0.091265360000
0.066016150000
0.005006170000
-0.047838530000
-0.061877160000
-0.066771460000
-0.065389360000
-0.054874670000
-0.040908670000
-0.030170760000
-0.029334030000
-0.039867230000
-0.055417900000
-0.071694820000
-0.088582990000
-0.101720900000
-0.104026300000
-0.094147280000
-0.080474010000
-0.069270090000
-0.053064460000
-0.023211150000
0.006850536000
0.019098420000
0.016772070000
0.017927070000
0.031731650000
0.042027190000
0.039534100000
0.030162940000
0.022373130000
0.018338430000
0.015492820000
0.014041050000
0.015628970000
0.017720790000
0.017223220000
0.013309710000
0.006432937000
-0.004313111000
-0.020516640000
-0.041836450000
-0.062388670000
-0.082409720000
-0.101513300000
-0.118809700000
-0.127868500000
-0.123720400000
-0.118594200000
-0.121325200000
-0.118875000000
-0.108196900000
-0.099678240000
-0.099012580000
-0.094435460000
-0.081587210000
-0.065330120000
-0.044901030000
-0.021360730000
-0.003344288000
-0.000665692600
-0.007499115000
-0.010505240000
-0.004958565000
-0.002100133000
-0.011245980000
-0.033666480000
-0.056559090000
-0.068598620000
-0.075289740000
-0.079217200000
-0.070695420000
-0.033154360000
0.025250410000
0.070870700000
0.096428750000
0.111819500000
0.120933500000
0.122440000000
0.111457500000
0.086658110000
0.056787550000
0.038100420000
0.034674450000
0.043032530000
0.054332480000
0.056596080000
0.043481800000
0.015188700000
-0.016626240000
-0.047531620000
-0.075843290000
-0.093841500000
-0.094421070000
-0.076842190000
-0.039940310000
-0.002057666000
0.021311210000
0.037852810000
0.057011170000
0.078007700000
0.095048010000
0.101601500000
0.098234410000
0.086180650000
0.065630800000
0.042888430000
0.024275630000
0.010701460000
-0.001047413000
-0.013091420000
-0.020743570000
-0.019475810000
-0.014122180000
-0.008827949000
-0.007173384000
-0.008631853000
-0.013292510000
-0.021822530000
-0.033169700000
-0.044412940000
-0.053861060000
-0.065641390000
-0.083687420000
-0.097419600000
-0.090183460000
-0.063052370000
-0.037928600000
-0.025552660000
-0.020363810000
-0.016056370000
-0.011571090000
-0.010248440000
-0.010253130000
-0.006606525000
0.003643858000
0.015016890000
0.028014610000
0.043095000000
0.060173540000
0.079677920000
0.099872560000
0.116674500000
0.127308500000
0.133172000000
0.136352400000
0.137835100000
0.137414700000
0.133647600000
0.124639400000
0.107776800000
0.084550250000
0.061242010000
0.036954770000
0.015564210000
0.003495186000
-0.002413319000
-0.004598554000
-0.004304565000
-0.009102198000
-0.019844020000
-0.033051450000
-0.045383890000
-0.055523100000
-0.059818620000
-0.056115870000
-0.052937640000
-0.059871960000
-0.072219070000
-0.073197420000
-0.051177410000
-0.011258030000
0.032909990000
0.066870170000
0.086959670000
0.101929700000
0.111552900000
0.111735500000
0.105865200000
0.103503100000
0.107684100000
0.111063300000
0.107812700000
0.096719550000
0.072504410000
0.042879440000
0.013965700000
-0.013722150000
-0.041747040000
-0.063380980000
-0.074464890000
-0.078432600000
-0.080966860000
-0.084359320000
-0.086645350000
-0.088548750000
-0.090612210000
-0.093832570000
-0.100010600000
-0.109805400000
-0.125023800000
-0.141626300000
-0.150046400000
-0.145778600000
-0.134644200000
-0.120934300000
-0.105012700000
-0.087430280000
-0.073224980000
-0.064816560000
-0.059119650000
-0.053167770000
-0.045450120000
-0.036732050000
-0.027551040000
-0.017090070000
-0.006860538000
0.006013692000
0.026751430000
0.050407200000
0.073436460000
0.094517870000
0.107158500000
0.111104500000
0.109751800000
0.101194600000
0.077519830000
0.043835810000
0.010020190000
-0.020651160000
-0.044423440000
-0.051868370000
-0.047681290000
-0.041775420000
-0.038372220000
-0.039265740000
-0.042921910000
-0.046114160000
-0.044471810000
-0.032866550000
-0.010028820000
0.015316690000
0.039649540000
0.060218490000
0.069106980000
0.066012910000
0.054163220000
0.037162790000
0.022808070000
0.018054750000
0.021178980000
0.025113670000
0.026513620000
0.027401430000
0.028945490000
0.028974570000
0.027202770000
0.023057860000
0.014354310000
-0.000311896500
-0.018364390000
-0.034906650000
-0.045441200000
-0.047829620000
-0.039186880000
-0.020112480000
0.000418870500
0.018943410000
0.035867300000
0.048215300000
0.056386260000
0.062758830000
0.066894530000
0.063344160000
0.048936830000
0.025256600000
0.000810313500
-0.009808457000
-0.007589009000
0.000142964700
0.013401020000
0.026543560000
0.032144290000
0.029075260000
0.021811280000
0.014536290000
0.006817546000
-0.001970902000
-0.010552040000
-0.021330940000
-0.032891460000
-0.039750250000
-0.041770650000
-0.041157520000
-0.038455810000
-0.034359750000
-0.028962280000
-0.022637220000
-0.014888180000
-0.008419803000
-0.006822754000
-0.009347456000
-0.013950150000
-0.018624960000
-0.020064810000
-0.018091030000
-0.017184370000
-0.019904380000
-0.023733290000
-0.027270430000
-0.033893050000
-0.042746710000
-0.051866920000
-0.058615510000
-0.062386990000
-0.065167580000
-0.062900320000
-0.057084370000
-0.051278280000
-0.047469440000
-0.044946970000
-0.039218050000
-0.032394150000
-0.025772790000
-0.020199260000
-0.016598530000
-0.014823630000
-0.015263380000
-0.017057100000
-0.021862430000
-0.028463910000
-0.034820630000
-0.041860250000
-0.046988080000
-0.048962980000
-0.048865930000
-0.050071490000
-0.052796970000
-0.054945050000
-0.054519190000
-0.053923640000
-0.055805070000
-0.058148980000
-0.058649040000
-0.059163160000
-0.062009620000
-0.065191780000
-0.065883290000
-0.061968940000
-0.056429410000
-0.051609920000
-0.050310430000
-0.052450900000
-0.056902790000
-0.060648400000
-0.061818510000
-0.061476710000
-0.060112000000
-0.057086150000
-0.052400770000
-0.047090730000
-0.041599320000
-0.033900900000
-0.021763830000
-0.003995017000
0.016952920000
0.038200060000
0.057820710000
0.074417860000
0.092311670000
0.105318200000
0.111794400000
0.114571800000
0.115996300000
0.117528900000
0.119665900000
0.122115300000
0.123339700000
0.122605600000
0.120306400000
0.116793600000
0.110792600000
0.104858100000
0.098901640000
0.093608450000
0.089300240000
0.082588040000
0.067892720000
0.046145740000
0.022048800000
-0.000965974100
-0.024136630000
-0.047333190000
-0.063517260000
-0.071456470000
-0.073610430000
-0.072558310000
-0.068325280000
-0.061346050000
-0.052688680000
-0.044592980000
-0.037488880000
-0.030441330000
-0.020467660000
-0.006658324000
0.007398871000
0.021646280000
0.033571540000
0.040445110000
0.044359270000
0.042920600000
0.035753230000
0.028374430000
0.023638140000
0.023750980000
0.027780590000
0.028753000000
0.025426250000
0.021657220000
0.018266530000
0.015074780000
0.012640030000
0.011688230000
0.013243720000
0.018147960000
0.024626690000
0.030653170000
0.031907010000
0.029752790000
0.031672030000
0.036968780000
0.038289600000
0.031765000000
0.021512620000
0.008375982000
-0.006753336000
-0.022032610000
-0.035680770000
-0.044983060000
-0.049822320000
-0.050266680000
-0.046569700000
-0.039615930000
-0.031858690000
-0.024276320000
-0.018197560000
-0.010951230000
0.000697491800
0.014441990000
0.027037350000
0.037420240000
0.046137040000
0.052213830000
0.055866850000
0.058358020000
0.057187050000
0.054817230000
0.054663030000
0.055015330000
0.054512300000
0.054181840000
0.055007440000
0.056077180000
0.055997660000
0.055722250000
0.056194370000
0.056881230000
0.059731250000
0.062620200000
0.062340290000
0.060070410000
0.054706300000
0.045669840000
0.035821500000
0.028024360000
0.023692310000
0.020781500000
0.017528080000
0.014319940000
0.009805546000
0.003777120000
-0.001454883000
-0.008527539000
-0.014173930000
-0.016672560000
-0.017880440000
-0.016130830000
-0.010234390000
-0.003782578000
-0.000975619000
-0.002239202000
-0.003564254000
-0.002692351000
-0.002464371000
-0.003222871000
-0.002853403000
-0.000722592200
0.000373538300
0.000341563500
0.001803578000
0.004371267000
0.007580770000
0.014709040000
0.026523240000
0.040755670000
0.051387410000
0.055332990000
0.055179000000
0.050842030000
0.040405190000
0.025138070000
0.009477186000
-0.004666163000
-0.019494650000
-0.035135560000
-0.050316990000
-0.064273120000
-0.076104690000
-0.085302090000
-0.091787740000
-0.094911970000
-0.095217260000
-0.093950310000
-0.090539420000
-0.086864150000
-0.082929420000
-0.077396390000
-0.070580420000
-0.065512540000
-0.063878970000
-0.064188850000
-0.065984010000
-0.070217250000
-0.075640080000
-0.081512100000
-0.086280690000
-0.089119510000
-0.089389120000
-0.087055010000
-0.082664650000
-0.076657260000
-0.068878210000
-0.061672910000
-0.054671510000
-0.049635490000
-0.044961550000
-0.040651470000
-0.039375870000
-0.036668130000
-0.029238330000
-0.020810750000
-0.013635600000
-0.008499979000
-0.005494953000
-0.005276732000
-0.008008324000
-0.014523270000
-0.023240600000
-0.030673880000
-0.033161750000
-0.032702240000
-0.032243830000
-0.032553130000
-0.032986610000
-0.032645300000
-0.030795360000
-0.026759180000
-0.020823840000
-0.014618770000
-0.009253066000
-0.005944550000
-0.003153293000
0.000763013900
0.006378688000
0.014843590000
0.026120300000
0.038211750000
0.048728610000
0.056026450000
0.058670860000
0.058048800000
0.055740420000
0.050459640000
0.041990570000
0.031414340000
0.020584980000
0.011019640000
0.006767098000
0.007094926000
0.008501637000
0.011521700000
0.015660120000
0.020755800000
0.027804460000
0.033097580000
0.037381580000
0.042371550000
0.048160680000
0.054998140000
0.061577780000
0.066802560000
0.071049860000
0.074775040000
0.078520210000
0.084320450000
0.091765330000
0.101697600000
0.113298900000
0.123883100000
0.132026300000
0.138098400000
0.142752500000
0.144773000000
0.143819600000
0.140578400000
0.135210300000
0.126750300000
0.114405000000
0.099753830000
0.085830710000
0.073835850000
0.063113760000
0.053540130000
0.043986980000
0.033225090000
0.018634450000
0.002281574000
-0.015353640000
-0.030492010000
-0.039063160000
-0.042232710000
-0.042930850000
-0.040977530000
-0.038031700000
-0.037592810000
-0.037704010000
-0.035827220000
-0.035756310000
-0.037692530000
-0.042166260000
-0.047614630000
-0.053252360000
-0.060383470000
-0.067531360000
-0.074022590000
-0.080102530000
-0.082927870000
-0.086041580000
-0.084919920000
-0.075296780000
-0.063882580000
-0.053734040000
-0.043797570000
-0.034533210000
-0.029536040000
-0.028870210000
-0.028603640000
-0.026987380000
-0.023091800000
-0.018564880000
-0.010455280000
-0.000479358600
0.006581054000
0.008587247000
0.006946887000
0.002533355000
-0.005836390000
-0.017715620000
-0.029606170000
-0.038054340000
-0.040752510000
-0.041805300000
-0.043041660000
-0.044020600000
-0.043596350000
-0.042684240000
-0.042667540000
-0.043372380000
-0.044660580000
-0.044345000000
-0.044651240000
-0.043282050000
-0.040366590000
-0.037346540000
-0.033967460000
-0.030189300000
-0.023790300000
-0.018528840000
-0.018216630000
-0.020492820000
-0.021562760000
-0.023221090000
-0.029585660000
-0.037864470000
-0.041990560000
-0.044598800000
-0.047951050000
-0.049246430000
-0.047836490000
-0.041387290000
-0.029906420000
-0.015373510000
-0.001011524000
0.012942760000
0.028601870000
0.043598060000
0.056104240000
0.066884720000
0.075482970000
0.082131510000
0.086985450000
0.089076650000
0.088758070000
0.086570460000
0.083319070000
0.079343270000
0.075710440000
0.072948380000
0.067831890000
0.060593290000
0.054216730000
0.046321430000
0.040564180000
0.038534270000
0.037767540000
0.037624560000
0.039303990000
0.041165240000
0.042467330000
0.044046390000
0.045365690000
0.045094470000
0.044168670000
0.042047870000
0.039781490000
0.038814500000
0.039071390000
0.038883070000
0.039836610000
0.040637050000
0.040732850000
0.041288060000
0.043118190000
0.045173640000
0.044285130000
0.040595670000
0.035278660000
0.026930580000
0.014291180000
-0.001954653000
-0.019503220000
-0.037463380000
-0.053031290000
-0.064349680000
-0.072444510000
-0.074985510000
-0.073627250000
-0.070845090000
-0.067561450000
-0.064597790000
-0.060807700000
-0.056159820000
-0.049678290000
-0.041495780000
-0.033214300000
-0.025597070000
-0.019703890000
-0.015030410000
-0.013209170000
-0.012994540000
-0.013297100000
-0.014926710000
-0.015603410000
-0.015265120000
-0.014387040000
-0.011560090000
-0.008024897000
-0.003870725000
0.002051661000
0.007476101000
0.010687130000
0.012469190000
0.011895580000
0.009509845000
0.006579289000
0.003692891000
-0.001289506000
-0.009126760000
-0.018523550000
-0.029407990000
-0.037623660000
-0.044126970000
-0.053085880000
-0.063160850000
-0.071043010000
-0.075786600000
-0.079324440000
-0.080898370000
-0.079825670000
-0.076057180000
-0.070478100000
-0.063726260000
-0.056734250000
-0.049627930000
-0.042742600000
-0.034762440000
-0.024489340000
-0.013452920000
-0.002302281000
0.008363103000
0.017403100000
0.024511410000
0.032080230000
0.039304350000
0.044142780000
0.046901330000
0.047892340000
0.047225980000
0.045874660000
0.042624010000
0.037453040000
0.030093070000
0.021012680000
0.010826250000
0.002444076000
-0.003641320000
-0.009468708000
-0.015620070000
-0.022880760000
-0.030352690000
-0.036392480000
-0.040709380000
-0.043086180000
-0.043193030000
-0.041464230000
-0.037536180000
-0.031837780000
-0.025902900000
-0.020786390000
-0.015380930000
-0.008870129000
-0.001035100000
0.007476982000
0.015178970000
0.021566350000
0.027236380000
0.032471000000
0.038017140000
0.043368010000
0.047258620000
0.048831930000
0.046913850000
0.040987330000
0.031978700000
0.021790080000
0.011317130000
0.002364706000
-0.004081031000
-0.007503306000
-0.008975472000
-0.009299231000
-0.009196642000
-0.008668694000
-0.007531157000
-0.005146653000
-0.003820688000
-0.004419168000
-0.005740285000
-0.009784560000
-0.013612880000
-0.014559860000
-0.012787070000
-0.009845362000
-0.003827450000
0.003586873000
0.008346977000
0.011352400000
0.014432490000
0.015742310000
0.015656550000
0.015386860000
0.014194550000
0.009680916000
0.003069033000
-0.004418739000
-0.011575900000
-0.019027190000
-0.026541250000
-0.031924450000
-0.035954160000
-0.039525590000
-0.041224980000
-0.041078870000
-0.039213380000
-0.034117520000
-0.028769160000
-0.022002260000
-0.015480010000
-0.008098927000
-0.002096962000
0.000478926600
0.001068613000
-0.002391799000
-0.007639683000
-0.014020150000
-0.022146510000
-0.029821430000
-0.034521770000
-0.038590530000
-0.045074870000
-0.051394330000
-0.056441680000
-0.062512000000
-0.067645150000
-0.068765240000
-0.068125060000
-0.066582220000
-0.064042860000
-0.061330420000
-0.057971810000
-0.054492770000
-0.050808440000
-0.047399150000
-0.041213600000
-0.033157150000
-0.026772360000
-0.021934100000
-0.019237170000
-0.017814100000
-0.016084000000
-0.016091850000
-0.018423620000
-0.021855000000
-0.023789340000
-0.023509430000
-0.022719170000
-0.021806160000
-0.020276540000
-0.021382410000
-0.023347650000
-0.023546000000
-0.021566020000
-0.016145490000
-0.006332504000
0.002834725000
0.009019392000
0.013044580000
0.015791760000
0.018264680000
0.017966290000
0.015471360000
0.014840620000
0.016331170000
0.019554570000
0.023997750000
0.028960000000
0.036530200000
0.046484200000
0.056105070000
0.061569230000
0.064468690000
0.066334800000
0.066660930000
0.065109200000
0.065145320000
0.065744700000
0.067652430000
0.069603370000
0.069838170000
0.069984660000
0.069114430000
0.068951580000
0.069284000000
0.069786670000
0.069847380000
0.069275960000
0.069225320000
0.069693690000
0.070515650000
0.070984740000
0.071675850000
0.073265250000
0.074551990000
0.074993970000
0.075035800000
0.074987700000
0.075266070000
0.076119110000
0.077376060000
0.078829210000
0.079695080000
0.080044990000
0.080314400000
0.080383260000
0.080586640000
0.080614150000
0.079905990000
0.079640190000
0.079139540000
0.076980560000
0.075760640000
0.075757020000
0.075239920000
0.073431250000
0.070269900000
0.066837380000
0.062681900000
0.056927600000
0.050586780000
0.043230040000
0.034130070000
0.024704150000
0.015520080000
0.006253361000
-0.002777189000
-0.009029642000
-0.013922760000
-0.019719660000
-0.024399890000
-0.026192370000
-0.027186790000
-0.028740350000
-0.029677000000
-0.030264070000
-0.030406990000
-0.030910400000
-0.031654270000
-0.032903580000
-0.034418640000
-0.034824030000
-0.034335600000
-0.033768580000
-0.032666860000
-0.030731560000
-0.029605600000
-0.029528210000
-0.029672650000
-0.030743280000
-0.032870690000
-0.033605620000
-0.034437780000
-0.035952680000
-0.038219920000
-0.041135040000
-0.043076490000
-0.042020300000
-0.038787510000
-0.033867650000
-0.027895600000
-0.019371620000
-0.012410060000
-0.009393136000
-0.007570665000
-0.007312851000
-0.006538129000
-0.005841164000
-0.006784581000
-0.008454295000
-0.010152450000
-0.013167170000
-0.017118560000
-0.022097170000
-0.029364590000
-0.037031940000
-0.042045570000
-0.045100190000
-0.046859190000
-0.048051500000
-0.048427000000
-0.047895780000
-0.046194690000
-0.043361550000
-0.039970940000
-0.035645100000
-0.031086070000
-0.026087230000
-0.021155560000
-0.015610170000
-0.009345422000
-0.003303882000
-0.001568361000
-0.002018353000
-0.000852115500
-0.001511439000
-0.004663376000
-0.008360357000
-0.010364240000
-0.011395460000
-0.014392640000
-0.016165740000
-0.017719030000
-0.020964400000
-0.025357950000
-0.028878560000
-0.031634220000
-0.034882230000
-0.036716870000
-0.037362850000
-0.037275800000
-0.036013530000
-0.033295930000
-0.030584280000
-0.029726730000
-0.028115390000
-0.026940310000
-0.025989240000
-0.024638190000
-0.022442490000
-0.016805460000
-0.010770580000
-0.006473614000
-0.003132540000
-0.001609705000
-0.001168300000
-0.001161534000
-0.001728893000
-0.002107113000
-0.002425774000
-0.001845611000
-0.001789152000
-0.000998847000
0.001235206000
0.001698057000
-0.000076026850
-0.004103546000
-0.008527169000
-0.012810470000
-0.016203960000
-0.018437610000
-0.019777400000
-0.020313310000
-0.019552120000
-0.017510190000
-0.016514150000
-0.015129080000
-0.012108740000
-0.010409400000
-0.009941386000
-0.009669411000
-0.010494110000
-0.012029910000
-0.013179550000
-0.013094020000
-0.012591060000
-0.011261420000
-0.008328915000
-0.005265151000
-0.003609046000
-0.002167403000
-0.001523265000
-0.001607843000
-0.000427599100
0.002542935000
0.005352978000
0.008636395000
0.013445620000
0.018528300000
0.021632140000
0.022787740000
0.022902970000
0.022672070000
0.022006900000
0.020536400000
0.019810680000
0.021188170000
0.022465380000
0.022231070000
0.021974590000
0.019851960000
0.016190950000
0.012030560000
0.010693590000
0.009907634000
0.010925570000
0.012823660000
0.015476540000
0.019699820000
0.022417580000
0.023931680000
0.024832100000
0.024751520000
0.025445290000
0.027397980000
0.027840460000
0.027470300000
0.027653350000
0.027137840000
0.026901930000
0.026531530000
0.024638680000
0.022575980000
0.021924390000
0.022442710000
0.022256450000
0.022332780000
0.021964380000
0.020613740000
0.019507570000
0.018249190000
0.016741150000
0.014017350000
0.009978354000
0.005543641000
0.003159927000
0.002299873000
0.001675176000
0.002680315000
0.004229092000
0.007457354000
0.012803330000
0.016240260000
0.017596520000
0.018864200000
0.020133390000
0.020030340000
0.017793770000
0.016728640000
0.015712210000
0.012711480000
0.010026410000
0.007264724000
0.004725356000
0.002011923000
-0.000761796700
-0.003135406000
-0.004917161000
-0.006161259000
-0.006813748000
-0.007003734000
-0.005517616000
-0.001967841000
0.002281508000
0.005464991000
0.007597490000
0.009348164000
0.011631530000
0.013956320000
0.016713140000
0.019115900000
0.022232570000
0.025526200000
0.027160370000
0.026228080000
0.025966980000
0.024836490000
0.022669540000
0.021031010000
0.019228040000
0.017562870000
0.016594270000
0.015986000000
0.015989220000
0.016244490000
0.015352900000
0.012356080000
0.009119030000
0.006577679000
0.004663662000
0.003140240000
0.001796094000
0.001009044000
0.001761471000
0.002723484000
0.002910231000
0.002437406000
0.001699928000
0.001650685000
0.002048618000
0.002770535000
0.004168669000
0.004337038000
0.003483044000
0.002277389000
0.001862263000
0.001650621000
-0.000505732700
-0.003498486000
-0.005807732000
-0.007786322000
-0.008430360000
-0.008882754000
-0.009741300000
-0.010046060000
-0.011312630000
-0.013002080000
-0.013335330000
-0.013652610000
-0.013792270000
-0.013150720000
-0.011073460000
-0.009288519000
-0.008198710000
-0.006989493000
-0.007159686000
-0.008047527000
-0.008044289000
-0.006606301000
-0.006501688000
-0.005769602000
-0.003519549000
-0.000454382800
0.002350716000
0.005210041000
0.006473605000
0.005152807000
0.003359310000
0.002047423000
0.000877051400
-0.002082165000
-0.006766634000
-0.010459640000
-0.014408290000
-0.019997960000
-0.025406040000
-0.029496400000
-0.031991760000
-0.033305710000
-0.033680370000
-0.033343800000
-0.033566570000
-0.034080680000
-0.034437580000
-0.035380440000
-0.036503990000
-0.037987560000
-0.039048900000
-0.040311670000
-0.042737690000
-0.043895370000
-0.044040570000
-0.044668000000
-0.044273930000
-0.043668190000
-0.043350540000
-0.041731180000
-0.040862030000
-0.041124380000
-0.040962450000
-0.040186260000
-0.039263780000
-0.039004460000
-0.038147470000
-0.036543970000
-0.035668710000
-0.035490850000
-0.034612420000
-0.035418680000
-0.037925720000
-0.038932340000
-0.038520130000
-0.038272110000
-0.037909430000
-0.038041510000
-0.039062940000
-0.041224390000
-0.043827250000
-0.045618810000
-0.046724920000
-0.045594840000
-0.043878350000
-0.042249610000
-0.041445630000
-0.041798650000
-0.041867450000
-0.040379970000
-0.038714460000
-0.036975980000
-0.035208310000
-0.033185920000
-0.029523500000
-0.026940420000
-0.024992780000
-0.022310640000
-0.018796390000
-0.017144770000
-0.015854020000
-0.013494720000
-0.009969842000
-0.006781050000
-0.003911256000
-0.002715440000
-0.002538098000
-0.002555108000
-0.002540874000
-0.002922348000
-0.003611199000
-0.003309558000
-0.001048896000
0.002250025000
0.004674883000
0.007467796000
0.012114850000
0.016729800000
0.021061930000
0.024999120000
0.028178180000
0.031182400000
0.032834060000
0.032798880000
0.032586170000
0.031990750000
0.029951950000
0.027079530000
0.024702360000
0.024333080000
0.025396930000
0.026525590000
0.027333080000
0.028043920000
0.028553470000
0.028015540000
0.025583190000
0.021439960000
0.019317100000
0.018487290000
0.015138210000
0.011451520000
0.008112243000
0.005263380000
0.004532932000
0.004988742000
0.006463445000
0.009618644000
0.013281400000
0.017230880000
0.019869680000
0.021626740000
0.023526780000
0.024863620000
0.025815370000
0.026670720000
0.027963560000
0.028931300000
0.028809740000
0.027426270000
0.023961090000
0.020030680000
0.018437050000
0.018988500000
0.020138040000
0.019480620000
0.017153360000
0.015958950000
0.016444200000
0.017684090000
0.018056150000
0.017909910000
0.018441970000
0.018890740000
0.020538960000
0.022183770000
0.022981280000
0.023973930000
0.025472830000
0.028445210000
0.030695430000
0.031539400000
0.031565440000
0.031810110000
0.031678730000
0.031261130000
0.031424840000
0.031317440000
0.032443690000
0.034315130000
0.036048040000
0.037450960000
0.038872610000
0.040391300000
0.041933070000
0.043375670000
0.043363750000
0.042003480000
0.040248810000
0.037656750000
0.033938050000
0.031306340000
0.029311390000
0.025567990000
0.022880850000
0.021719490000
0.020560360000
0.019601020000
0.018947670000
0.017807710000
0.017713530000
0.018161540000
0.017014470000
0.014724370000
0.012392580000
0.010047200000
0.009254494000
0.009710983000
0.011133040000
0.011003350000
0.007243889000
-0.000949299900
-0.012288900000
-0.022342850000
-0.028162490000
-0.031507120000
-0.034411570000
-0.035379050000
-0.033039400000
-0.029656140000
-0.028549540000
-0.027248350000
-0.024869470000
-0.022499520000
-0.020642340000
-0.019456650000
-0.019660240000
-0.020559790000
-0.021955040000
-0.023662560000
-0.026171420000
-0.026604380000
-0.025537690000
-0.024722610000
-0.021637930000
-0.015202260000
-0.009385906000
-0.004521144000
-0.001254999000
-0.000465552800
-0.000931393800
0.000307019800
0.001983348000
0.004884656000
0.008384687000
0.013016970000
0.016912040000
0.019090620000
0.019756990000
0.019482620000
0.018995640000
0.017749230000
0.016272290000
0.014878460000
0.014023250000
0.014195570000
0.015756830000
0.018784530000
0.019896200000
0.018479560000
0.014343590000
0.008781058000
0.003569945000
0.001504186000
0.000815852700
0.002771135000
0.006907210000
0.012166400000
0.017134590000
0.020832600000
0.022074930000
0.020801650000
0.019287130000
0.016585150000
0.011497240000
0.005356428000
0.000865179400
-0.002576814000
-0.004942726000
-0.005028519000
-0.003487277000
-0.001436408000
0.000788007200
0.001612108000
0.001178133000
0.000074894130
-0.000533525000
-0.000156983700
-0.000396434300
-0.000157387300
0.000000611970
0.000580276900
0.000881397700
0.000323397200
-0.000296810500
-0.001767288000
-0.003210211000
-0.004090931000
-0.002818531000
-0.001019400000
-0.000123368900
-0.000320659900
-0.000442841300
-0.000166543200
-0.000050899970
-0.001128756000
-0.002904858000
-0.003488991000
-0.004338050000
-0.005496795000
-0.005086572000
-0.003062017000
-0.001424803000
-0.000465905700
0.000152805800
-0.000229460100
-0.001030135000
-0.002720747000
-0.004225123000
-0.006481726000
-0.007871579000
-0.006856490000
-0.005518127000
-0.005617735000
-0.005639255000
-0.005634825000
-0.005412357000
-0.004273634000
-0.003923932000
-0.003216816000
-0.000251110200
0.000850356200
0.000908102800
0.002648202000
0.003613166000
0.004199146000
0.004536256000
0.002889723000
-0.000444547100
-0.004470706000
-0.009306563000
-0.012409920000
-0.012824880000
-0.013847530000
-0.015122960000
-0.015448760000
-0.014918890000
-0.014904800000
-0.015489750000
-0.016994820000
-0.017511910000
-0.016318800000
-0.015021950000
-0.014591150000
-0.014068030000
-0.014455550000
-0.014617790000
-0.015649840000
-0.018616440000
-0.020097890000
-0.019895710000
-0.020138620000
-0.021488890000
-0.022417050000
-0.022835540000
-0.023458560000
-0.022659400000
-0.020230290000
-0.018369050000
-0.016835070000
-0.015755510000
-0.014435850000
-0.012751490000
-0.011962670000
-0.010742200000
-0.008674183000
-0.006791509000
-0.003814573000
-0.000648302600
0.002282928000
0.004611510000
0.005781181000
0.005331306000
0.005090463000
0.006194466000
0.007921758000
0.009966643000
0.012638330000
0.013769640000
0.015974490000
0.017871510000
0.018780230000
0.018491640000
0.013848860000
0.008880331000
0.007097672000
0.006543091000
0.005613884000
0.006081816000
0.006637282000
0.006905008000
0.006738097000
0.008140015000
0.009279260000
0.008128989000
0.008844359000
0.010993050000
0.013238770000
0.015306520000
0.015813790000
0.016325790000
0.015782720000
0.013951760000
0.011897650000
0.011662280000
0.012616440000
0.014172240000
0.016198880000
0.016172960000
0.014648090000
0.012932910000
0.012161620000
0.011990740000
0.011410290000
0.010425080000
0.007653697000
0.006055820000
0.005870783000
0.005072030000
0.004663784000
0.004594607000
0.003760612000
0.003148100000
0.004217170000
0.005412201000
0.005792326000
0.006620525000
0.006368128000
0.004677453000
0.004611237000
0.002125219000
-0.000492685500
-0.004447256000
-0.009937199000
-0.016618140000
-0.022812340000
-0.028479050000
-0.033493370000
-0.038243650000
-0.041898780000
-0.044430040000
-0.045055530000
-0.044940390000
-0.044418420000
-0.044176690000
-0.045229420000
-0.048412930000
-0.050702140000
-0.052360450000
-0.053744230000
-0.053315080000
-0.051313030000
-0.049780220000
-0.045975700000
-0.041502160000
-0.039393310000
-0.038137830000
-0.036309590000
-0.034248740000
-0.032433890000
-0.031214010000
-0.029449660000
-0.025879540000
-0.023078950000
-0.020894320000
-0.018032940000
-0.015973380000
-0.015938650000
-0.015666560000
-0.015652920000
-0.018182910000
-0.020434930000
-0.020576870000
-0.017930970000
-0.014495680000
-0.011610710000
-0.008196670000
-0.004111582000
-0.000041859570
0.003380255000
0.006758874000
0.011361070000
0.014800990000
0.017460880000
0.018967740000
0.018847660000
0.017668210000
0.017691810000
0.018883350000
0.019384840000
0.018924530000
0.018924490000
0.018958930000
0.018214240000
0.016407220000
0.014642110000
0.013368880000
0.012383090000
0.011362250000
0.009969385000
0.009035332000
0.008060027000
0.005918713000
0.005271554000
0.006205177000
0.006860849000
0.006766206000
0.006283539000
0.006319480000
0.006161495000
0.006523054000
0.008219434000
0.009977571000
0.012087380000
0.015638790000
0.018876230000
0.020856150000
0.022523290000
0.024455130000
0.025635850000
0.025124350000
0.024115760000
0.022742030000
0.020262600000
0.017188390000
0.014091250000
0.010512140000
0.006242410000
0.003115613000
0.000617733800
-0.000861781600
-0.001240024000
-0.001165197000
-0.001393734000
-0.000098807230
0.001930967000
0.004307430000
0.006664055000
0.010527500000
0.015150910000
0.018075240000
0.019607700000
0.020383260000
0.020383150000
0.019887770000
0.019292430000
0.018393880000
0.016825760000
0.014897450000
0.013224430000
0.011475940000
0.010445890000
0.009981038000
0.009776698000
0.010068410000
0.010722930000
0.011573660000
0.012037630000
0.012405450000
0.013732740000
0.013768100000
0.013116380000
0.012964160000
0.012620640000
0.011745400000
0.010168940000
0.008476796000
0.007059418000
0.005346544000
0.003324327000
0.001169719000
-0.001079451000
-0.002755873000
-0.003679891000
-0.004983990000
-0.006396004000
-0.007913507000
-0.010121970000
-0.012056750000
-0.012740860000
-0.013889050000
-0.014585980000
-0.013856310000
-0.012218340000
-0.011124990000
-0.010208300000
-0.008615208000
-0.007340973000
-0.006574412000
-0.005827782000
-0.005684470000
-0.005551320000
-0.005005527000
-0.004363397000
-0.003998881000
-0.003452744000
-0.003128215000
-0.003403650000
-0.003615841000
-0.003430434000
-0.003203147000
-0.003050026000
-0.002750173000
-0.001937530000
-0.001119571000
-0.000790131600
-0.000632259800
-0.000580143700
-0.000575366500
-0.000192497900
0.000173321300
0.000398276700
0.000672083400
0.001150627000
0.001974045000
0.002404337000
0.002670880000
0.002852907000
0.002847955000
0.002683070000
0.002551174000
0.002217520000
0.001789335000
0.001492339000
0.001115260000
0.000623477100
0.000207010200
0.000370188500
0.000610255500
0.000575782500
0.000590523000
0.000760035400
0.000973716300
0.001043726000
0.001037311000
0.001132952000
0.001493276000
0.001820968000
0.001714685000
0.001473757000
0.001414236000
0.001467140000
0.001309521000
0.001197519000
0.001263824000
0.001329874000
0.001288917000
0.001232495000
0.001282618000
0.001240315000
0.001121192000
0.000999885300
0.000830789600
0.000627330300
0.000426641800
0.000234209500
0.000024553760
-0.000160722700
-0.000322274500
-0.000453285900
-0.000493860600
-0.000532374600
-0.000583869400
-0.000656184000
-0.000723040800
-0.000803082000
-0.000856778300
-0.000875739900
-0.000889392000
-0.000899177700
-0.000905747000
-0.000929082600
-0.000957269000
-0.000962713200
-0.000982350300
-0.001002678000
-0.001025267000
-0.001044818000
-0.001035198000
-0.001012997000
-0.000998378900
-0.000973902300
-0.000945430300
-0.000903985800
-0.000871206700
-0.000856902800
-0.000836918600
-0.000810235000
-0.000788199900
-0.000766666600
-0.000742127800
-0.000717577100
-0.000695473600
-0.000675588400
-0.000658905700
-0.000643682100
-0.000627053300
-0.000611145000
-0.000596269300
-0.000580973900
-0.000563733900
-0.000545411300
-0.000528188600
-0.000511661300
-0.000496352800
-0.000482537400
-0.000470514100
-0.000459591200
-0.000449573400
-0.000440489900
-0.000431954100
-0.000423526200
-0.000415118700
-0.000407040200
-0.000399278800
-0.000391718700
-0.000384306000
-0.000377018300
-0.000369824100
-0.000362667200
-0.000355536700
-0.000348416300
-0.000341298900
-0.000334168300
-0.000327022700
-0.000319860900
-0.000312679300
-0.000305474500
-0.000298245500
0.000000000000
0.000000000000
0.000000000000
0.000000000000
0.000000000000
0.000000000000
0.000000000000
0.000000000000
0.000000000000
0.000000000000
0.000000000000
0.000000000000
0.000000000000
0.000000000000
0.000000000000
0.000000000000
0.000000000000
0.000000000000
0.000000000000
0.000000000000
0.000000000000
0.000000000000
0.000000000000
0.000000000000
0.000000000000
0.000000000000
0.000000000000
0.000000000000
0.000000000000
0.000000000000
0.000000000000
0.000000000000
0.000000000000
0.000000000000
0.000000000000
0.000000000000
0.000000000000
0.000000000000
0.000000000000
0.000000000000
0.000000000000
0.000000000000
0.000000000000
0.000000000000
0.000000000000
0.000000000000
0.000000000000
0.000000000000
0.000000000000
0.000000000000
0.000000000000
0.000000000000
0.000000000000
0.000000000000
0.000000000000
0.000000000000
0.000000000000
0.000000000000
0.000000000000
0.000000000000
0.000000000000
0.000000000000
0.000000000000
0.000000000000
0.000000000000
0.000000000000
0.000000000000
0.000000000000
0.000000000000
0.000000000000
0.000000000000
0.000000000000
0.000000000000
0.000000000000
0.000000000000
0.000000000000
0.000000000000
0.000000000000
0.000000000000
0.000000000000
0.000000000000
0.000000000000
0.000000000000
0.000000000000
0.000000000000
0.000000000000
0.000000000000
0.000000000000
0.000000000000
0.000000000000
0.000000000000
0.000000000000
0.000000000000
0.000000000000
0.000000000000
0.000000000000
0.000000000000
0.000000000000
0.000000000000
0.000000000000
0.000000000000
0.000000000000
0.000000000000
0.000000000000
0.000000000000
0.000000000000
0.000000000000
0.000000000000
0.000000000000
0.000000000000
0.000000000000
0.000000000000
0.000000000000
0.000000000000
0.000000000000
0.000000000000
0.000000000000
0.000000000000
0.000000000000
0.000000000000
0.000000000000
0.000000000000
0.000000000000
0.000000000000
0.000000000000
0.000000000000
0.000000000000
0.000000000000
0.000000000000
0.000000000000
0.000000000000
0.000000000000
0.000000000000
0.000000000000
0.000000000000
0.000000000000
0.000000000000
0.000000000000
0.000000000000
0.000000000000
0.000000000000
0.000000000000
0.000000000000
0.000000000000
0.000000000000
0.000000000000
0.000000000000
0.000000000000
0.000000000000
0.000000000000
0.000000000000
0.000000000000
0.000000000000
0.000000000000
0.000000000000
0.000000000000
0.000000000000
0.000000000000
0.000000000000
0.000000000000
0.000000000000
0.000000000000
0.000000000000
0.000000000000
0.000000000000
0.000000000000
0.000000000000
0.000000000000
0.000000000000
0.000000000000
0.000000000000
0.000000000000
0.000000000000
0.000000000000
0.000000000000
0.000000000000
0.000000000000
0.000000000000
0.000000000000
0.000000000000
0.000000000000
0.000000000000
0.000000000000
0.000000000000
0.000000000000
0.000000000000
0.000000000000
0.000000000000
0.000000000000
0.000000000000
0.000000000000
0.000000000000
0.000000000000
0.000000000000
0.000000000000
0.000000000000
0.000000000000
0.000000000000
0.000000000000
0.000000000000
0.000000000000
0.000000000000
0.000000000000
0.000000000000
0.000000000000
0.000000000000
0.000000000000
0.000000000000
0.000000000000
0.000000000000
0.000000000000
0.000000000000
0.000000000000
0.000000000000
0.000000000000
0.000000000000
0.000000000000
0.000000000000
0.000000000000
0.000000000000
0.000000000000
0.000000000000
0.000000000000
0.000000000000
0.000000000000
0.000000000000
0.000000000000
0.000000000000
0.000000000000
0.000000000000
0.000000000000
0.000000000000
0.000000000000
0.000000000000
0.000000000000
0.000000000000
0.000000000000
0.000000000000
0.000000000000
0.000000000000
0.000000000000
0.000000000000
0.000000000000
0.000000000000
0.000000000000
0.000000000000
0.000000000000
0.000000000000
0.000000000000
0.000000000000
0.000000000000
0.000000000000
0.000000000000
0.000000000000
0.000000000000
0.000000000000
0.000000000000
0.000000000000
0.000000000000
0.000000000000
0.000000000000
0.000000000000
0.000000000000
0.000000000000
0.000000000000
0.000000000000
0.000000000000
0.000000000000
0.000000000000
0.000000000000
0.000000000000
0.000000000000
0.000000000000
0.000000000000
0.000000000000
0.000000000000
0.000000000000
0.000000000000
0.000000000000
0.000000000000
0.000000000000
0.000000000000
0.000000000000
0.000000000000
0.000000000000
0.000000000000
0.000000000000
0.000000000000
0.000000000000
0.000000000000
0.000000000000
0.000000000000
0.000000000000
0.000000000000
0.000000000000
0.000000000000
0.000000000000
0.000000000000
0.000000000000
0.000000000000
0.000000000000
0.000000000000
0.000000000000
0.000000000000
0.000000000000
0.000000000000
0.000000000000
0.000000000000
0.000000000000
0.000000000000
0.000000000000
0.000000000000
0.000000000000
0.000000000000
0.000000000000
0.000000000000
0.000000000000
0.000000000000
0.000000000000
0.000000000000
0.000000000000
0.000000000000
0.000000000000
0.000000000000
0.000000000000
0.000000000000
0.000000000000
0.000000000000
0.000000000000
0.000000000000
0.000000000000
0.000000000000
0.000000000000
0.000000000000
0.000000000000
0.000000000000
0.000000000000
0.000000000000
0.000000000000
0.000000000000
0.000000000000
0.000000000000
0.000000000000
0.000000000000
0.000000000000
0.000000000000
0.000000000000
0.000000000000
0.000000000000
0.000000000000
0.000000000000
0.000000000000
0.000000000000
0.000000000000
0.000000000000
0.000000000000
0.000000000000
0.000000000000
0.000000000000
0.000000000000
0.000000000000
0.000000000000
0.000000000000
0.000000000000
0.000000000000
0.000000000000
0.000000000000
0.000000000000
0.000000000000
0.000000000000
0.000000000000
0.000000000000
0.000000000000
0.000000000000
0.000000000000
0.000000000000
0.000000000000
0.000000000000
0.000000000000
0.000000000000
0.000000000000
0.000000000000
0.000000000000
0.000000000000
0.000000000000
0.000000000000
0.000000000000
0.000000000000
0.000000000000
0.000000000000
0.000000000000
0.000000000000
0.000000000000
0.000000000000
0.000000000000
0.000000000000
0.000000000000
0.000000000000
0.000000000000
0.000000000000
0.000000000000
0.000000000000
0.000000000000
0.000000000000
0.000000000000
0.000000000000
0.000000000000
0.000000000000
0.000000000000
0.000000000000
0.000000000000
0.000000000000
0.000000000000
0.000000000000
0.000000000000
0.000000000000
0.000000000000
0.000000000000
0.000000000000
0.000000000000
0.000000000000
0.000000000000
0.000000000000
0.000000000000
0.000000000000
0.000000000000
0.000000000000
0.000000000000
0.000000000000
0.000000000000
0.000000000000
0.000000000000
0.000000000000
0.000000000000
0.000000000000
0.000000000000
0.000000000000
0.000000000000
0.000000000000
0.000000000000
0.000000000000
0.000000000000
0.000000000000
0.000000000000
0.000000000000
0.000000000000
0.000000000000
0.000000000000
0.000000000000
0.000000000000
0.000000000000
0.000000000000
0.000000000000
0.000000000000
0.000000000000
0.000000000000
0.000000000000
0.000000000000
0.000000000000
0.000000000000
0.000000000000
0.000000000000
0.000000000000
0.000000000000
0.000000000000
0.000000000000
0.000000000000
0.000000000000
0.000000000000
0.000000000000
0.000000000000
0.000000000000
0.000000000000
0.000000000000
0.000000000000
0.000000000000
0.000000000000
0.000000000000
0.000000000000
0.000000000000
0.000000000000
0.000000000000
0.000000000000
0.000000000000
0.000000000000
0.000000000000
0.000000000000
0.000000000000
0.000000000000
0.000000000000
0.000000000000
0.000000000000
0.000000000000
0.000000000000
0.000000000000
0.000000000000
0.000000000000
0.000000000000
0.000000000000
0.000000000000
