0.004162071000
0.001178962000
0.006091781000
0.005691530000
0.001488826000
-0.004351890000
-0.006287939000
0.000161538500
-0.001834478000
0.000217992300
-0.006617712000
-0.000504412400
0.005912953000
-0.003853917000
-0.014970140000
-0.007268288000
0.005418412000
0.003594694000
-0.001347062000
-0.020147450000
-0.003044768000
0.011973140000
0.006556469000
-0.004391560000
-0.043396630000
-0.032030940000
-0.006656475000
0.022867450000
0.022492220000
-0.064000500000
-0.031638640000
-0.013524040000
0.023000630000
0.047744400000
0.013306840000
0.002782266000
-0.059713260000
-0.037930170000
0.010566820000
0.014312420000
0.025903950000
-0.004631441000
-0.118287600000
-0.093332730000
0.042432950000
0.028267900000
0.086340380000
0.050094550000
-0.109956700000
-0.000969680600
-0.014511050000
0.041659560000
0.152467600000
-0.078414100000
-0.022024930000
-0.028051510000
-0.027944760000
0.035790700000
-0.090061150000
0.054118840000
-0.012585070000
0.015001940000
0.038614100000
-0.079239500000
0.024514220000
0.000034658650
0.004435454000
0.061953850000
-0.036712110000
-0.019509040000
-0.082280020000
-0.002156041000
0.031883390000
0.008034844000
0.061996060000
0.018441280000
-0.058344010000
-0.028675890000
0.062551340000
0.047849620000
0.071062380000
-0.019753610000
-0.001771243000
-0.000135314100
0.024434370000
-0.024227780000
-0.099424150000
-0.024337700000
0.053669080000
-0.014358500000
-0.055537550000
-0.056260260000
0.033488020000
0.080191380000
0.041305580000
0.013073760000
-0.055994700000
0.060791110000
-0.031148670000
-0.005985240000
-0.021155590000
-0.079576940000
0.000316851300
-0.061544800000
-0.033769820000
-0.075936150000
0.023595980000
0.027902000000
0.011386830000
-0.019827480000
-0.033347790000
0.067593300000
-0.037317850000
0.027538860000
-0.128334500000
-0.096244070000
0.009114991000
-0.002958482000
0.063869190000
-0.004957968000
-0.017173030000
0.005757109000
0.048062210000
0.007226148000
0.008811955000
0.004695007000
-0.023972250000
-0.016489640000
0.056514780000
0.086561970000
0.131475700000
0.170543900000
0.125243900000
0.181358400000
0.199560700000
0.191295000000
0.160026400000
0.045591030000
-0.015600220000
0.044857860000
0.003148719000
0.030377360000
0.047545800000
0.054399050000
0.197610000000
0.266464100000
0.274322100000
0.264309000000
0.146194200000
0.029691990000
-0.000194765200
-0.176900300000
-0.148875400000
-0.193217400000
-0.284681300000
-0.269293100000
-0.243937200000
-0.138541000000
-0.102199700000
-0.072575140000
-0.123959800000
-0.168492200000
-0.231252900000
-0.142185500000
0.050809740000
0.133737800000
0.148200500000
0.099047960000
0.177572900000
0.326704300000
0.443682300000
0.345921800000
0.267720800000
0.309695400000
0.162723100000
-0.050162520000
-0.157844300000
-0.173420100000
-0.346059400000
-0.305710500000
-0.408406300000
-0.597342100000
-0.704068800000
-0.716678100000
-0.443586400000
-0.196543300000
-0.130059600000
-0.181146200000
-0.164798400000
-0.094592590000
0.028442150000
0.038021310000
0.085482290000
0.183877000000
0.305501200000
0.324937900000
0.238806600000
0.131709300000
-0.015453640000
-0.100063000000
-0.021029550000
0.050770040000
0.089728750000
0.243252900000
0.248112000000
0.224339900000
0.184535400000
0.222873100000
0.400344000000
0.426069600000
0.378630500000
0.132158000000
-0.112785700000
-0.333955000000
-0.484725000000
-0.449612100000
-0.362173300000
-0.254078300000
-0.257879500000
0.066311770000
0.242197000000
-0.008554061000
-0.053363040000
-0.190637000000
-0.166425600000
-0.114606800000
-0.265351800000
-0.378122100000
-0.321354200000
-0.209551200000
-0.182165300000
-0.065318190000
0.027744550000
0.349978900000
0.645163900000
0.530685300000
0.601837600000
0.827451600000
0.581643900000
0.395342200000
0.298856600000
0.217421200000
0.132960500000
0.088065520000
-0.132007200000
-0.309474500000
-0.248744300000
-0.234410700000
-0.206160300000
-0.290666700000
-0.036096530000
-0.275939700000
-0.142091500000
0.227784600000
0.259721500000
0.469830100000
0.273075900000
-0.006934641000
-0.105865600000
-0.286611800000
-0.408335600000
-0.501268900000
-0.333625800000
-0.061461240000
-0.041841510000
0.087388470000
0.013158050000
-0.022286820000
-0.004005218000
-0.020661640000
0.068011240000
0.091953940000
0.025430810000
-0.078416110000
-0.257334000000
-0.406312800000
-0.208138700000
0.006540107000
0.107149200000
0.219897500000
0.294728100000
0.481400900000
0.366467900000
0.309051600000
0.392812500000
0.321156100000
0.279898800000
0.266310000000
0.170174700000
-0.013771410000
-0.151130000000
-0.325664500000
-0.536930100000
-0.652700400000
-0.810238600000
-0.667514100000
-0.340948000000
-0.257084700000
-0.300676600000
-0.221584900000
-0.068448200000
0.093686910000
0.307828700000
0.292840900000
0.248599500000
0.142562400000
0.213866700000
0.225082700000
0.213713900000
0.275494400000
0.212347400000
0.126742100000
0.115323400000
0.144998500000
-0.004137433000
-0.145252100000
-0.023202670000
0.042341830000
0.046138630000
0.119443400000
0.106282700000
0.207938300000
0.280018100000
0.268992300000
0.279631400000
0.356866300000
0.259871900000
0.047762430000
-0.075911000000
-0.188195100000
-0.289366300000
-0.502911800000
-0.596229000000
-0.443739400000
-0.695139200000
-0.622106400000
-0.278179100000
-0.201403100000
-0.296055200000
-0.222339100000
-0.004923310000
0.127928400000
0.628705300000
0.605470500000
0.254668900000
0.474347100000
0.676928100000
0.479284500000
0.433427300000
0.560756800000
0.347034100000
0.009948498000
-0.353868200000
-0.321604700000
-0.364835400000
-0.265185500000
-0.250256800000
-0.360819600000
0.288063500000
-0.100040300000
-0.302616300000
-0.729261900000
-0.693588400000
0.149197900000
0.189249400000
0.364048900000
0.319024200000
0.119093100000
0.099210390000
0.005825474000
-0.035562900000
-0.159289700000
-0.216187200000
0.010830360000
-0.127201900000
0.129329300000
0.375215900000
0.593829700000
0.551326500000
-0.011048150000
-0.036241850000
-0.078203330000
-0.016228840000
0.182772500000
0.025543870000
0.012335220000
-0.109561500000
-0.240139500000
-0.067581690000
-0.125300000000
-0.163441500000
0.048190520000
0.072992230000
0.505304300000
0.188107200000
-0.254963000000
-0.598750400000
-0.507028500000
0.004598834000
-0.650233500000
-0.768299100000
-0.541297600000
-0.468084500000
-0.215136300000
0.250315800000
0.258946500000
0.395275200000
0.456824500000
0.393132200000
0.337181700000
0.206816100000
0.199577700000
0.318499100000
0.230695000000
-0.004721375000
-0.093153750000
-0.678814600000
-0.677157600000
-0.923172800000
-0.778102600000
-0.308057400000
-0.297887400000
-0.255763800000
-0.099284940000
0.015784980000
-0.058261230000
-0.224612400000
-0.345043100000
-0.093789850000
0.084247760000
0.123678600000
-0.184800300000
0.682651200000
0.864255800000
0.508677400000
0.498966700000
0.543598600000
0.485551100000
0.214292000000
0.232073400000
-0.024336460000
-0.348413100000
-0.580549100000
-0.354384800000
-0.567242700000
-0.319515500000
0.409161000000
0.099306190000
-0.299109100000
0.068741420000
0.189417400000
0.066986580000
0.139614400000
0.246917200000
0.264879200000
0.114032200000
0.049521080000
0.039820680000
0.035160100000
-0.024947670000
-0.076120250000
-0.063344940000
-0.046950670000
0.086068370000
0.327766400000
0.466442300000
0.483999300000
0.349073600000
0.210612500000
0.094668960000
-0.002962559000
-0.111946700000
-0.204288500000
-0.285696800000
-0.322694400000
-0.275819500000
-0.140304500000
-0.138110600000
-0.136526800000
-0.189850500000
-0.349909000000
-0.662507500000
-0.595259100000
0.108895600000
0.299137700000
0.395092100000
0.470339300000
0.433638600000
0.385083400000
0.274755900000
0.254082500000
0.193189300000
0.088378050000
0.000486531600
-0.017632890000
-0.027348550000
-0.135957200000
-0.283621800000
-0.252582300000
-0.259148200000
-0.214713100000
-0.185850300000
-0.204943800000
-0.029919140000
0.173109700000
0.147586100000
0.171543600000
0.247763000000
0.096091890000
0.053884140000
0.056093300000
0.016957780000
-0.042047330000
-0.103029300000
-0.242162500000
-0.348047800000
-0.455764100000
-0.441437300000
-0.537709100000
-0.239269600000
0.135069200000
0.079254630000
0.311017800000
0.418253300000
0.384688000000
0.270526400000
0.258580900000
0.354509700000
0.586876800000
0.529480100000
0.280335800000
0.096011360000
-0.014591510000
-0.403493200000
-0.740913500000
-0.802189100000
-0.853323100000
-0.990237900000
-0.508464500000
0.440195400000
0.476256300000
0.382456900000
0.119715900000
-0.115717700000
0.069879220000
0.103757300000
0.190213200000
0.204681700000
0.346606300000
0.658126300000
0.644070400000
0.516665000000
0.454157100000
0.131119800000
0.084862540000
0.018165490000
-0.035687720000
-0.416674300000
-0.335417400000
-0.526642100000
-0.339961000000
0.710847900000
0.394461900000
-0.099995640000
-0.634114900000
-0.426675800000
-0.171429200000
-0.103664800000
-0.001283661000
0.033366440000
0.190844900000
0.435955600000
0.437702600000
0.193449000000
0.107342300000
0.194734400000
0.211242800000
0.150028200000
0.094596940000
0.011208510000
-0.065428540000
-0.134842000000
-0.187032700000
-0.273953400000
-0.241793200000
-0.166056500000
-0.140425400000
-0.211748200000
-0.215624700000
-0.117199200000
0.025147490000
0.100398500000
0.101531400000
0.120159100000
0.124884400000
0.182952500000
0.253645200000
0.252645100000
0.230714600000
0.224835900000
0.176356900000
0.048222990000
0.047634980000
0.071424970000
0.051324340000
0.041558350000
-0.032591060000
-0.107521800000
-0.180472800000
-0.235482800000
-0.268300900000
-0.268303500000
-0.296804900000
-0.300895600000
-0.239676800000
-0.128096500000
-0.044431600000
0.015795760000
0.099193430000
0.134159400000
0.181607200000
0.268487100000
0.389662600000
0.429295100000
0.337884100000
0.227823400000
0.129515200000
0.035977470000
-0.085193070000
-0.149829000000
-0.170992600000
-0.207652200000
-0.188235100000
-0.145165300000
-0.058970840000
0.033192600000
0.040797020000
-0.015741270000
-0.045345440000
-0.040009520000
-0.068977220000
-0.104127100000
-0.121368000000
-0.115185500000
-0.095422670000
-0.077276620000
-0.055679890000
-0.051864850000
-0.066349630000
-0.075268280000
-0.057544530000
-0.040961150000
-0.012117380000
0.054367440000
0.107437200000
0.135888200000
0.162120800000
0.156236600000
0.099015810000
0.079705330000
0.023335190000
-0.045383080000
-0.070968620000
-0.068094110000
-0.094362060000
-0.085814330000
-0.091731240000
-0.064851060000
-0.171256400000
-0.084800040000
-0.011373200000
-0.180766500000
-0.100401700000
-0.120808800000
-0.010933310000
0.048265490000
0.006446559000
0.004231154000
0.019979980000
0.036205150000
0.020750120000
0.014300660000
0.007376904000
0.021924140000
0.051229740000
0.165522800000
0.251443400000
0.291192800000
0.203149400000
0.050208530000
-0.017422630000
-0.100436400000
-0.179578300000
-0.240576400000
-0.279307900000
-0.274688400000
-0.190406000000
-0.084134300000
-0.031805370000
-0.000280352500
0.000119353900
0.020994530000
0.055834520000
0.095659240000
0.134266100000
0.145618500000
0.129238100000
0.090155660000
0.012931250000
-0.025426040000
0.003112327000
0.018008190000
0.017173600000
0.012010130000
-0.018803280000
-0.061561930000
-0.100649600000
-0.135469600000
-0.219290400000
-0.140401800000
-0.021264090000
0.002954496000
0.070307860000
0.050790860000
0.003682877000
-0.020076310000
-0.018706770000
0.006690890000
0.052382460000
0.065807350000
0.042448990000
0.000613327300
-0.017323750000
-0.063444440000
-0.017628480000
0.086691630000
0.110828500000
0.163431500000
0.219594400000
0.198305500000
0.120972700000
0.083825950000
0.092530180000
0.085628400000
0.032292130000
-0.017783200000
-0.069881190000
-0.121771100000
-0.164229100000
-0.219665600000
-0.259897000000
-0.208351800000
-0.103722700000
-0.071151610000
-0.053635690000
-0.013142240000
0.012770300000
0.041887690000
0.079384350000
0.090122350000
0.070939630000
0.051150020000
0.023821570000
0.007573391000
-0.002504823000
-0.021752850000
-0.048560090000
-0.058005930000
-0.049833310000
-0.045479580000
-0.053733060000
-0.063904160000
-0.098527710000
-0.080552930000
-0.015977410000
0.005429645000
0.062380640000
0.141919500000
0.203569600000
0.239282100000
0.258031100000
0.234187900000
0.092787560000
-0.021662290000
-0.096614690000
-0.172938000000
-0.210724600000
-0.225652100000
-0.205801700000
-0.164038600000
-0.091746870000
-0.037152190000
-0.014184650000
0.015516930000
0.049682020000
0.089930370000
0.134628900000
0.125795000000
0.087674620000
0.036297370000
-0.028925360000
-0.067847400000
-0.096539890000
-0.116952000000
-0.150065100000
-0.161623600000
-0.206593400000
-0.061687980000
0.065575470000
0.035598760000
0.101725400000
0.197927900000
0.285992700000
0.322447500000
0.261361700000
0.108044600000
0.061460210000
0.012478810000
-0.087323080000
-0.157538800000
-0.202868700000
-0.275233600000
-0.315630700000
-0.240711700000
-0.155757900000
-0.124273700000
-0.059843340000
0.044858580000
0.099067460000
0.132344900000
0.189632100000
0.203707000000
0.156679800000
0.076979000000
0.027498710000
0.007639218000
-0.045940470000
-0.088193060000
-0.101953000000
-0.133535400000
-0.164840300000
-0.178219800000
-0.143412400000
-0.080844740000
-0.060109320000
-0.036427120000
-0.003763833000
0.004361313000
0.003630812000
0.010232060000
0.019037540000
0.030697970000
0.060401190000
0.113243100000
0.177554900000
0.223664800000
0.220825900000
0.190465400000
0.156610300000
0.117730700000
0.055323800000
-0.003249963000
-0.044371530000
-0.085586940000
-0.114581800000
-0.095445810000
-0.064523780000
-0.031807580000
0.002329478000
0.020162850000
0.031349890000
0.033908750000
0.047925260000
0.093759660000
0.136756400000
0.157688500000
0.150656300000
0.079997440000
0.023083120000
-0.026902350000
-0.075103830000
-0.123050300000
-0.175621500000
-0.237293200000
-0.184850200000
-0.071421540000
0.014067300000
0.098256670000
0.115981800000
0.111113900000
0.106300100000
0.096631130000
0.071106210000
0.040892340000
-0.009174810000
-0.063588180000
-0.117960800000
-0.150899100000
-0.133747200000
-0.073858400000
-0.014081780000
0.035462190000
0.060082450000
0.049567800000
0.024391650000
0.007468327000
0.011315260000
0.014102400000
-0.003164687000
-0.046618240000
-0.078372390000
-0.104441100000
-0.091181610000
-0.017454520000
0.030880680000
0.050960870000
0.042308670000
0.035964720000
0.041450720000
0.039274480000
0.050531640000
0.074097130000
0.085563390000
0.061803930000
0.037270290000
0.020794650000
0.007391238000
-0.013337810000
-0.043363150000
-0.064352320000
-0.055542180000
-0.025701700000
-0.005495116000
-0.008610837000
-0.030028430000
-0.036422430000
-0.029529930000
-0.029282720000
-0.026065290000
-0.016350460000
-0.015450460000
-0.034914780000
-0.066719070000
-0.078102950000
-0.061560250000
-0.040290890000
-0.040313000000
-0.054633480000
-0.049868750000
-0.029687730000
-0.025671680000
-0.055264650000
-0.074389340000
-0.071252550000
-0.047766750000
-0.006010729000
0.006103075000
0.016163610000
0.030002230000
0.046912060000
0.067222570000
0.082918610000
0.113757600000
0.141724100000
0.170850500000
0.189297500000
0.175469500000
0.144005900000
0.106472200000
0.073519260000
0.035381690000
-0.008105775000
-0.043609710000
-0.068293480000
-0.077054040000
-0.069608840000
-0.056273140000
-0.043877900000
-0.025972610000
-0.006031407000
0.003234475000
0.013363270000
0.026153250000
0.038184340000
0.032861150000
-0.002870283000
-0.040852850000
-0.058958700000
-0.061452420000
-0.078666790000
-0.095927060000
-0.110862700000
-0.101668300000
-0.054588000000
-0.020601430000
0.005053762000
0.032266490000
0.045566430000
0.058835760000
0.088074220000
0.123560100000
0.156442100000
0.171623800000
0.161333200000
0.114470400000
0.060980780000
0.012116790000
-0.041747240000
-0.099034400000
-0.151810000000
-0.186807200000
-0.179981200000
-0.121071000000
-0.069070280000
-0.024117750000
0.018604030000
0.033857220000
0.043133200000
0.051982830000
0.064478960000
0.081839450000
0.104716100000
0.108821700000
0.043776400000
-0.012363290000
-0.036237310000
-0.045766070000
-0.046053620000
-0.053616840000
-0.061745130000
-0.069903010000
-0.041231750000
0.008687127000
0.044831920000
0.075754310000
0.094685590000
0.065222960000
0.013860930000
0.005157341000
0.011630320000
0.004865753000
-0.003445141000
-0.012700550000
-0.028096370000
-0.044836550000
-0.049477500000
-0.051866280000
-0.043340040000
-0.023358180000
-0.003956711000
0.007249062000
0.004951055000
-0.015625350000
-0.027930580000
-0.001662475000
0.024060950000
0.030546160000
0.019639350000
0.002975652000
-0.021165660000
-0.045396740000
-0.050625220000
-0.036498180000
-0.002981953000
0.019787540000
0.033156730000
0.043040560000
0.046513710000
0.046720800000
0.040118380000
0.017898740000
-0.005033884000
-0.017921540000
-0.035607300000
-0.041266220000
-0.043805980000
-0.043695790000
-0.044928930000
-0.050358360000
-0.058696820000
-0.060521570000
-0.043358000000
-0.025455950000
-0.007128556000
0.002691017000
-0.003151511000
-0.014061400000
-0.015468970000
-0.013164760000
-0.012246720000
-0.002789250000
0.012933060000
0.033879810000
0.058465920000
0.082960240000
0.099493450000
0.106159200000
0.099601640000
0.083746800000
0.066607760000
0.047948940000
0.022230690000
-0.010474550000
-0.035540000000
-0.056885500000
-0.069449830000
-0.071496930000
-0.044764730000
-0.022133960000
-0.018286470000
-0.013153800000
0.001103801000
0.029969840000
0.055362780000
0.073973740000
0.069956000000
0.052446730000
0.045396530000
0.057930330000
0.061148470000
0.050322240000
0.025433270000
-0.003490820000
-0.025474830000
-0.045123050000
-0.048583850000
-0.047891220000
-0.049158010000
-0.041983270000
-0.043244960000
-0.037851140000
-0.011219900000
0.007483892000
0.016007070000
0.020081010000
0.007717655000
-0.012263060000
-0.021750020000
-0.022583290000
-0.029940480000
-0.044198990000
-0.044409040000
-0.018368380000
0.027726520000
0.064462920000
0.073203360000
0.062831070000
0.042265900000
0.013506060000
-0.011711310000
-0.035346660000
-0.049994800000
-0.055939270000
-0.058064860000
-0.049656910000
-0.047543370000
-0.049310950000
-0.028766010000
-0.011354510000
-0.002609951000
0.013719330000
0.028933760000
0.033195420000
0.023621810000
0.014278710000
-0.001144591000
-0.027421720000
-0.047788960000
-0.050827420000
-0.036588100000
-0.018198400000
-0.013402240000
-0.008033848000
0.009176742000
0.026960580000
0.036176400000
0.046665190000
0.045021100000
0.022507800000
0.006791782000
-0.003887472000
-0.005343885000
-0.009305414000
-0.016374880000
-0.016938790000
-0.019138770000
0.003924611000
0.034971540000
0.046018300000
0.056711130000
0.060219070000
0.049330750000
0.038570940000
0.032199180000
0.028418220000
0.014280190000
-0.013866520000
-0.038205570000
-0.048648140000
-0.042828850000
-0.033551750000
-0.025509870000
-0.016787640000
-0.002615556000
0.012194040000
0.019233270000
0.025539120000
0.029152180000
0.024481820000
0.017631720000
0.018154190000
0.014153990000
0.011063620000
-0.002841803000
-0.018171140000
-0.017214130000
-0.024674170000
-0.036461040000
-0.057149450000
-0.054810330000
-0.017402590000
0.019748110000
0.031593640000
0.012010930000
-0.013706060000
-0.017074840000
0.004561677000
0.018628780000
0.025376370000
0.019987990000
0.009327252000
-0.001397750000
0.000222310400
0.014412850000
0.016984590000
0.015482440000
0.015627580000
0.017969830000
0.021308610000
0.022327920000
0.022204820000
0.026110740000
0.032298400000
0.038444240000
0.032988600000
0.017575740000
0.002123086000
-0.011529260000
-0.020299880000
-0.020559610000
-0.020023740000
-0.022996670000
-0.030244420000
-0.033472340000
-0.036001550000
-0.032854460000
-0.013372080000
0.003571540000
0.014951060000
0.008694784000
-0.004473009000
-0.014132000000
-0.026210420000
-0.035041160000
-0.043754590000
-0.049094880000
-0.045921240000
-0.038801190000
-0.037076960000
-0.037593650000
-0.030819380000
-0.014183750000
0.010238570000
0.031152090000
0.037615270000
0.013633510000
-0.020270820000
-0.035056260000
-0.049758050000
-0.056400830000
-0.027834220000
0.003387459000
0.027668040000
0.028606950000
0.013759320000
0.008861790000
0.011420470000
0.027452330000
0.023591140000
0.010287810000
-0.009220170000
-0.026494350000
-0.032994270000
-0.028509790000
-0.015728630000
0.001241663000
0.020761960000
0.023942900000
0.022463450000
0.016700000000
0.012745030000
0.012355980000
0.019006970000
0.031852430000
0.044821310000
0.047027160000
0.025560850000
0.008287764000
-0.001282275000
-0.010394330000
-0.015315190000
-0.018010420000
-0.019088940000
-0.013811840000
-0.000746009000
0.011086640000
0.023782230000
0.033422910000
0.034049860000
0.032013590000
0.018815470000
0.001984115000
-0.004460576000
-0.007991122000
0.003944596000
0.014932740000
0.010406690000
0.005115641000
0.010357120000
0.023599480000
0.036142140000
0.048017700000
0.047092280000
0.031878710000
0.009174257000
-0.007449969000
-0.013661010000
-0.013126790000
-0.010228200000
-0.015600780000
-0.023916060000
-0.029273340000
-0.032171390000
-0.033780150000
-0.031321150000
-0.024767870000
-0.022710750000
-0.019268450000
-0.004903987000
0.015674320000
0.025858830000
0.016076840000
0.000712406100
-0.007794568000
-0.010918990000
-0.006846300000
0.003516742000
0.013694150000
0.015487160000
0.006808859000
-0.007227498000
-0.012816210000
-0.008161056000
-0.005618318000
-0.007739014000
-0.008491885000
-0.007987091000
-0.001031811000
0.002188233000
-0.003370856000
-0.011683940000
-0.024705340000
-0.034295450000
-0.036801660000
-0.032269870000
-0.017359560000
0.000094624450
0.007315157000
0.010004850000
0.008238178000
0.008901149000
0.022573200000
0.043456660000
0.058506750000
0.057471440000
0.034436770000
0.011930470000
-0.000659380800
-0.010315710000
-0.013876520000
-0.023148290000
-0.038063720000
-0.056499170000
-0.078770830000
-0.091328000000
-0.072166230000
-0.022775750000
0.013247660000
0.036784230000
0.054350730000
0.061247030000
0.057604690000
0.048091230000
0.042482350000
0.033550310000
0.020612730000
0.000184280700
-0.022543240000
-0.037277020000
-0.048120520000
-0.051757710000
-0.036924740000
-0.012724070000
0.009662012000
0.025173300000
0.035719240000
0.036652700000
0.026275390000
0.013661230000
0.006801902000
-0.001297734000
-0.015374560000
-0.032118690000
-0.050617210000
-0.059256410000
-0.057400810000
-0.036747640000
-0.001136155000
0.025571750000
0.038269960000
0.033183460000
0.025253200000
0.025669610000
0.029350020000
0.028278270000
0.012676610000
-0.004052141000
-0.015337150000
-0.022080080000
-0.015331480000
0.001528391000
0.008499367000
0.007158368000
0.007419795000
0.004034727000
0.000927104800
0.004231207000
0.006733595000
0.009139089000
0.008803848000
0.004188690000
0.000453799600
0.000257293800
0.010726930000
0.024883880000
0.036056300000
0.038410840000
0.021667930000
-0.002222131000
-0.015911160000
-0.024219680000
-0.021248020000
-0.013131470000
-0.007085525000
-0.010599010000
-0.020400790000
-0.021411180000
-0.013613870000
-0.001064370000
0.007083832000
0.013088000000
0.016894070000
0.019820910000
0.014849890000
0.004600380000
-0.006290707000
-0.013447570000
-0.011223480000
-0.004105438000
-0.007344465000
-0.020074590000
-0.022393560000
-0.023905710000
-0.022943340000
-0.014110640000
-0.006076603000
-0.004916334000
-0.006883381000
-0.004777564000
0.001169579000
0.002621586000
-0.001014161000
-0.003102564000
-0.000412261700
0.007983927000
0.015879300000
0.018526770000
0.011857580000
-0.000626638400
-0.010545550000
-0.015065590000
-0.018387130000
-0.026384350000
-0.033104510000
-0.036027220000
-0.030211580000
-0.012822000000
0.006320972000
0.020742370000
0.029275300000
0.037126880000
0.047754910000
0.056875380000
0.059626980000
0.057306120000
0.047469910000
0.034862360000
0.022942300000
0.010387790000
0.000241517600
-0.006753973000
-0.008570921000
-0.010656120000
-0.014159120000
-0.013112910000
-0.010250080000
-0.008137972000
-0.009515272000
-0.013081480000
-0.017985940000
-0.017760810000
-0.014407340000
-0.017322770000
-0.025237220000
-0.032584550000
-0.040340900000
-0.048316550000
-0.050638320000
-0.052172660000
-0.049612710000
-0.040043310000
-0.028734820000
-0.012118240000
0.008856812000
0.023311000000
0.031905290000
0.029945650000
0.022071040000
0.013554840000
0.004621474000
-0.003602992000
-0.012519010000
-0.017992540000
-0.016772810000
-0.010359230000
-0.007356543000
-0.007250646000
-0.004412166000
0.004583039000
0.013824070000
0.016745180000
0.016858240000
0.021171650000
0.029550800000
0.035030080000
0.029919730000
0.023112110000
0.026343320000
0.031680850000
0.032947550000
0.030403540000
0.029098830000
0.027610520000
0.023132600000
0.021284250000
0.022875320000
0.026275900000
0.022215170000
0.009629283000
-0.000946179900
-0.008418799000
-0.010435430000
-0.007415307000
-0.009485997000
-0.012765380000
-0.011550650000
-0.005040067000
0.002757756000
0.008324842000
0.009984310000
0.008190062000
0.005677737000
-0.001006386000
-0.005036465000
-0.008723823000
-0.014363450000
-0.017664230000
-0.018734260000
-0.014856270000
-0.009292205000
-0.005131665000
0.001600297000
0.008203743000
0.013386330000
0.015499730000
0.013399540000
0.012473350000
0.006326804000
-0.002723676000
-0.010003440000
-0.013450020000
-0.015417620000
-0.020869530000
-0.027549520000
-0.035061820000
-0.037891310000
-0.034464110000
-0.029513030000
-0.026250050000
-0.022711670000
-0.021622290000
-0.016044930000
-0.006148879000
0.004612133000
0.009126668000
0.005192544000
-0.003671237000
-0.014285330000
-0.021982240000
-0.030950050000
-0.034512890000
-0.020897900000
0.003061928000
0.018698560000
0.027089110000
0.030237890000
0.032258540000
0.034786130000
0.033421420000
0.027001570000
0.015994800000
0.006194677000
-0.006297220000
-0.014001240000
-0.013522800000
-0.015745350000
-0.020101710000
-0.022584340000
-0.014152970000
0.000297418700
0.005928891000
0.010391440000
0.013475970000
0.012930340000
0.001181012000
-0.018410070000
-0.024488190000
-0.026718880000
-0.023826090000
-0.016301500000
-0.008249554000
0.002060668000
0.005960190000
0.006150992000
0.001572276000
-0.003132920000
-0.001873156000
0.002633268000
0.007366132000
0.006691978000
0.004999862000
0.003153729000
0.005745614000
0.011429120000
0.009768627000
0.006234392000
0.003701798000
0.003342824000
0.005511408000
0.006993535000
0.010867560000
0.017909700000
0.027849670000
0.036493220000
0.035768060000
0.023926950000
0.012652950000
0.006799233000
0.001874736000
-0.001625842000
-0.005587459000
-0.011924650000
-0.017917100000
-0.017750780000
-0.005509698000
0.010447240000
0.021479620000
0.025985010000
0.032012250000
0.038898330000
0.038184370000
0.023156770000
0.000137463000
-0.015629640000
-0.022805300000
-0.023561070000
-0.017671540000
-0.007515357000
0.002012507000
0.007547070000
0.007869432000
0.005920251000
-0.001362511000
-0.009334795000
-0.014373560000
-0.016207490000
-0.016338020000
-0.016322680000
-0.016569500000
-0.014417270000
-0.011245040000
-0.009870065000
-0.006691724000
-0.001984406000
0.002386310000
0.002839203000
0.001699875000
-0.002453556000
-0.005596169000
-0.005885845000
-0.007597402000
-0.005730802000
-0.005007625000
-0.006975210000
-0.003703059000
0.000034210550
-0.001289763000
-0.006349999000
-0.010186240000
-0.010598340000
-0.009286644000
-0.006045112000
-0.002730143000
-0.003004556000
-0.006779613000
-0.011802130000
-0.012166320000
-0.010474180000
-0.015069330000
-0.018984140000
-0.023892440000
-0.026137520000
-0.023818100000
-0.016831170000
-0.005400104000
0.003405481000
0.008966442000
0.010720760000
0.012628080000
0.014153910000
0.009838191000
-0.002918027000
-0.014950050000
-0.022895960000
-0.021973980000
-0.008453999000
0.010125180000
0.025878960000
0.032843390000
0.037158880000
0.040446210000
0.040999920000
0.032077840000
0.018448450000
0.008724632000
0.000172792200
-0.007314172000
-0.010026530000
-0.006740256000
-0.001971935000
-0.001972119000
-0.004779349000
-0.006696124000
-0.007299144000
-0.006610849000
-0.006333620000
-0.005769775000
-0.005492557000
-0.002417484000
0.004006243000
0.009015225000
0.013352020000
0.017505220000
0.019992740000
0.021547980000
0.019884090000
0.014175890000
0.004381576000
-0.001405170000
-0.002691681000
0.000175021300
0.006353456000
0.010792060000
0.012989940000
0.008916454000
0.001724935000
-0.002701277000
0.001210485000
0.008218934000
0.009039700000
0.003857964000
-0.004744455000
-0.012367290000
-0.013309380000
-0.007906011000
-0.001961000000
0.001137633000
0.001216959000
0.001622733000
0.001537987000
0.000269505800
-0.004902547000
-0.012218490000
-0.012214700000
-0.004991470000
-0.000454892700
0.000766749300
0.002857963000
0.006077468000
0.007382002000
0.007298227000
0.009025028000
0.009816673000
0.005410659000
-0.002610594000
-0.008274209000
-0.008270892000
-0.002895149000
0.002676660000
0.005378197000
0.004434699000
0.005205696000
0.006020249000
0.005829838000
0.005574014000
0.005705826000
0.006697346000
0.003808808000
-0.000901493900
-0.004473626000
-0.007063909000
-0.008322114000
-0.006409439000
-0.003294096000
-0.000536271000
0.002735115000
0.005035022000
0.004752691000
0.003122055000
0.001993153000
0.002346160000
0.000146680000
-0.004860705000
-0.007579511000
-0.008031009000
-0.006477653000
-0.003051220000
-0.000980472500
-0.000808081200
-0.000641446700
-0.001503337000
-0.002038008000
-0.002032650000
-0.001401922000
0.000016885530
0.000898859200
0.001782708000
0.001858891000
0.000948049700
0.000171738800
0.000030190660
-0.001210635000
-0.001711843000
-0.001012150000
-0.000737620300
-0.000565509300
-0.000595335200
0.000262761300
0.001258953000
0.002241552000
0.002045514000
0.000444987600
-0.001968567000
-0.004196471000
-0.004565697000
-0.003833181000
-0.002087805000
-0.000790465100
0.000823945500
0.002415141000
0.002545846000
0.001687110000
0.000201489200
-0.000930042700
-0.001090469000
-0.000756972500
0.000132819100
0.000446445200
-0.000029373490
-0.000742398800
-0.001190829000
-0.001202802000
-0.001322175000
-0.001217417000
-0.001022370000
-0.000636636300
-0.000515922000
-0.000545401800
-0.000568568000
-0.000319715300
0.000260366900
0.000824251000
0.000891786100
0.000655114500
0.000291040100
0.000129719700
-0.000004055119
-0.000072676570
0.000172790900
0.000385167700
0.000270465000
-0.000171106200
-0.000651803200
-0.000971648100
-0.001048669000
-0.000960578800
-0.000960229000
-0.001064742000
-0.001013733000
-0.000767371900
-0.000511814800
-0.000502179500
-0.000717885800
-0.001018880000
-0.001140062000
-0.001123911000
-0.001054064000
-0.001013781000
-0.000985098700
-0.000844853500
-0.000747704800
-0.000751249700
-0.000743906800
-0.000691571800
-0.000637699300
-0.000662931700
-0.000679435300
-0.000669374400
-0.000683233900
-0.000713421600
-0.000739131100
-0.000750392900
-0.000741670800
-0.000690994000
-0.000616504800
-0.000555945300
-0.000512461900
-0.000465532000
-0.000389293700
-0.000317426200
-0.000279954700
-0.000267652800
-0.000260100700
-0.000237802500
-0.000215056700
-0.000197611000
-0.000175757400
-0.000150534500
-0.000124202600
-0.000094356930
-0.000062473440
-0.000033484770
-0.000010716960
0.000009509661
0.000030112280
0.000051111000
0.000071324580
0.000090633650
0.000109343900
0.000127460200
0.000145287500
0.000162646000
0.000179467400
0.000195698300
0.000211313400
0.000226327100
0.000240753700
0.000254623200
0.000267965100
0.000280801000
0.000000000000
0.000000000000
0.000000000000
0.000000000000
0.000000000000
0.000000000000
0.000000000000
0.000000000000
0.000000000000
0.000000000000
0.000000000000
0.000000000000
0.000000000000
0.000000000000
0.000000000000
0.000000000000
0.000000000000
0.000000000000
0.000000000000
0.000000000000
0.000000000000
0.000000000000
0.000000000000
0.000000000000
0.000000000000
0.000000000000
0.000000000000
0.000000000000
0.000000000000
0.000000000000
0.000000000000
0.000000000000
0.000000000000
0.000000000000
0.000000000000
0.000000000000
0.000000000000
0.000000000000
0.000000000000
0.000000000000
0.000000000000
0.000000000000
0.000000000000
0.000000000000
0.000000000000
0.000000000000
0.000000000000
0.000000000000
0.000000000000
0.000000000000
0.000000000000
0.000000000000
0.000000000000
0.000000000000
0.000000000000
0.000000000000
0.000000000000
0.000000000000
0.000000000000
0.000000000000
0.000000000000
0.000000000000
0.000000000000
0.000000000000
0.000000000000
0.000000000000
0.000000000000
0.000000000000
0.000000000000
0.000000000000
0.000000000000
0.000000000000
0.000000000000
0.000000000000
0.000000000000
0.000000000000
0.000000000000
0.000000000000
0.000000000000
0.000000000000
0.000000000000
0.000000000000
0.000000000000
0.000000000000
0.000000000000
0.000000000000
0.000000000000
0.000000000000
0.000000000000
0.000000000000
0.000000000000
0.000000000000
0.000000000000
0.000000000000
0.000000000000
0.000000000000
0.000000000000
0.000000000000
0.000000000000
0.000000000000
0.000000000000
0.000000000000
0.000000000000
0.000000000000
0.000000000000
0.000000000000
0.000000000000
0.000000000000
0.000000000000
0.000000000000
0.000000000000
0.000000000000
0.000000000000
0.000000000000
0.000000000000
0.000000000000
0.000000000000
0.000000000000
0.000000000000
0.000000000000
0.000000000000
0.000000000000
0.000000000000
0.000000000000
0.000000000000
0.000000000000
0.000000000000
0.000000000000
0.000000000000
0.000000000000
0.000000000000
0.000000000000
0.000000000000
0.000000000000
0.000000000000
0.000000000000
0.000000000000
0.000000000000
0.000000000000
0.000000000000
0.000000000000
0.000000000000
0.000000000000
0.000000000000
0.000000000000
0.000000000000
0.000000000000
0.000000000000
0.000000000000
0.000000000000
0.000000000000
0.000000000000
0.000000000000
0.000000000000
0.000000000000
0.000000000000
0.000000000000
0.000000000000
0.000000000000
0.000000000000
0.000000000000
0.000000000000
0.000000000000
0.000000000000
0.000000000000
0.000000000000
0.000000000000
0.000000000000
0.000000000000
0.000000000000
0.000000000000
0.000000000000
0.000000000000
0.000000000000
0.000000000000
0.000000000000
0.000000000000
0.000000000000
0.000000000000
0.000000000000
0.000000000000
0.000000000000
0.000000000000
0.000000000000
0.000000000000
0.000000000000
0.000000000000
0.000000000000
0.000000000000
0.000000000000
0.000000000000
0.000000000000
0.000000000000
0.000000000000
0.000000000000
0.000000000000
0.000000000000
0.000000000000
0.000000000000
0.000000000000
0.000000000000
0.000000000000
0.000000000000
0.000000000000
0.000000000000
0.000000000000
0.000000000000
0.000000000000
0.000000000000
0.000000000000
0.000000000000
0.000000000000
0.000000000000
0.000000000000
0.000000000000
0.000000000000
0.000000000000
0.000000000000
0.000000000000
0.000000000000
0.000000000000
0.000000000000
0.000000000000
0.000000000000
0.000000000000
0.000000000000
0.000000000000
0.000000000000
0.000000000000
0.000000000000
0.000000000000
0.000000000000
0.000000000000
0.000000000000
0.000000000000
0.000000000000
0.000000000000
0.000000000000
0.000000000000
0.000000000000
0.000000000000
0.000000000000
0.000000000000
0.000000000000
0.000000000000
0.000000000000
0.000000000000
0.000000000000
0.000000000000
0.000000000000
