-0.002028583000
-0.002013178000
-0.001992520000
-0.001970813000
-0.001948574000
-0.001898133000
-0.001816384000
-0.001779970000
-0.001844881000
-0.001948447000
-0.001988889000
-0.001900530000
-0.001727956000
-0.001559482000
-0.001422845000
-0.001399798000
-0.001540185000
-0.001659140000
-0.001604192000
-0.001572622000
-0.001548905000
-0.001196126000
-0.000687886200
-0.000721397900
-0.001346224000
-0.001326236000
-0.000294144200
0.000998242700
0.001100049000
0.000014088570
-0.001375844000
-0.001641413000
-0.000110408600
0.002143512000
0.003586978000
0.003323181000
0.002185477000
0.001355793000
0.000273092500
-0.001183835000
-0.001328473000
0.000206218100
0.000925646900
-0.001364951000
-0.004884468000
-0.005041448000
0.000615573400
0.006125348000
0.005610118000
0.002080450000
0.002434899000
0.005069396000
0.005350978000
0.002474907000
-0.001313716000
-0.003345570000
-0.000030751270
0.003702800000
0.003577596000
0.006252323000
0.015224030000
0.019787400000
0.009793544000
-0.009293724000
-0.016562090000
-0.005146022000
0.007671256000
0.006410387000
-0.003841252000
-0.010150360000
-0.008443221000
-0.001226620000
0.004345617000
0.004107651000
0.003957128000
0.007832616000
0.008308158000
-0.004006824000
-0.025742410000
-0.033298180000
-0.011219760000
0.019730690000
0.027826360000
0.019724090000
0.018093440000
0.020724290000
0.013133200000
-0.005047066000
-0.015760040000
-0.007693277000
0.006792247000
0.009368959000
0.003985037000
0.005102166000
0.012860740000
0.015202880000
0.003309118000
-0.009448830000
-0.004576008000
0.013570710000
0.023801240000
0.019314130000
0.007017539000
-0.007314306000
-0.013465180000
-0.013736590000
-0.027487200000
-0.040323680000
-0.024110180000
0.010496160000
0.020893610000
-0.000252026800
-0.021143790000
-0.019547330000
-0.006342462000
-0.001632702000
0.001601595000
0.014689990000
0.027212100000
0.033840920000
0.037916270000
0.024897190000
-0.008753500000
-0.028832960000
-0.015454000000
0.003824684000
0.011036230000
0.011612850000
0.004170818000
-0.006336365000
-0.012073480000
-0.018821880000
-0.028572830000
-0.028105430000
-0.014130890000
-0.003821924000
-0.011312640000
-0.022383950000
-0.015167810000
0.012097140000
0.036909610000
0.041070450000
0.037936780000
0.038914060000
0.033858850000
0.018711900000
-0.001746688000
-0.011841240000
-0.000969178600
0.017046750000
0.025157830000
0.025202580000
0.023620990000
0.020824070000
0.016335600000
0.012315110000
0.010819040000
0.002146735000
-0.020278880000
-0.044195890000
-0.045786040000
-0.016321760000
0.015812240000
0.024420800000
0.014130950000
0.002629580000
0.001443385000
0.002156570000
-0.012996950000
-0.034155960000
-0.026036770000
0.009578619000
0.033830320000
0.028521970000
0.001457486000
-0.023934590000
-0.023685230000
0.002001994000
0.030254560000
0.040874900000
0.034082020000
0.020727360000
0.006370403000
-0.009269187000
-0.020684650000
-0.008968737000
0.031062330000
0.069333430000
0.069617930000
0.032512640000
-0.013943150000
-0.047984930000
-0.054636320000
-0.026720160000
0.005945640000
0.015133290000
0.014156630000
0.025652330000
0.034173010000
0.012655860000
-0.023158880000
-0.036006000000
-0.027004730000
-0.016358730000
-0.012498720000
-0.009974031000
0.002398648000
0.033457900000
0.060679500000
0.055250140000
0.010677560000
-0.038455730000
-0.048792370000
-0.036864310000
-0.035076480000
-0.037019290000
-0.016546490000
0.019538190000
0.021280670000
-0.010478120000
-0.033685570000
-0.032465920000
-0.014617480000
0.017838270000
0.040188160000
0.030896550000
0.011761320000
0.014523220000
0.028557580000
0.024831540000
0.009546496000
0.010324040000
0.027363040000
0.043621530000
0.046240230000
0.037540450000
0.023925180000
0.007764030000
-0.005403904000
-0.006365828000
0.001386135000
-0.007540307000
-0.026709630000
-0.026187690000
-0.006356454000
0.013864840000
0.015404730000
-0.002685268000
-0.013932790000
-0.011661140000
-0.016684290000
-0.031727020000
-0.039163190000
-0.035090240000
-0.030408230000
-0.038954590000
-0.058614180000
-0.063238450000
-0.055435780000
-0.063412980000
-0.082524480000
-0.088170830000
-0.077650300000
-0.057277170000
-0.024591070000
0.001590852000
0.004591021000
0.004075376000
0.026152630000
0.052788100000
0.054725490000
0.030027780000
-0.021779270000
-0.071822860000
-0.085545850000
-0.079320390000
-0.088353720000
-0.124883400000
-0.148198500000
-0.142032600000
-0.129746700000
-0.119130900000
-0.099323110000
-0.069252920000
-0.037079350000
-0.012520730000
0.013424830000
0.036949720000
0.039815430000
0.033817930000
0.037637620000
0.060369940000
0.090982490000
0.070616280000
0.008708385000
-0.031249250000
-0.048817010000
-0.082593970000
-0.106781500000
-0.097824960000
-0.071173300000
-0.026548910000
0.034947980000
0.079473540000
0.070170970000
0.021484230000
-0.016270430000
-0.030237310000
-0.037063510000
-0.039466720000
-0.035950650000
-0.012709320000
0.059409830000
0.168673300000
0.229834800000
0.213767900000
0.126925900000
0.009549173000
-0.080333120000
-0.108937100000
-0.105040500000
-0.099329330000
-0.105907000000
-0.123476700000
-0.127202400000
-0.110244300000
-0.102408600000
-0.107952700000
-0.103475800000
-0.089857750000
-0.086467470000
-0.088260620000
-0.071332720000
-0.038538970000
-0.005359386000
0.042168460000
0.100464200000
0.159327600000
0.233192100000
0.307045300000
0.351776800000
0.371763000000
0.372886200000
0.350248700000
0.318212700000
0.294996300000
0.261508700000
0.226968500000
0.214696900000
0.218729900000
0.230266800000
0.227926400000
0.197021400000
0.159547000000
0.142773000000
0.138845500000
0.123670400000
0.087628380000
0.049726390000
0.028185750000
0.020600200000
0.016328120000
0.006994128000
-0.009974409000
-0.035188100000
-0.065574310000
-0.095782220000
-0.122165700000
-0.148030200000
-0.195564500000
-0.259827000000
-0.318617500000
-0.349924900000
-0.348486700000
-0.336142800000
-0.333345900000
-0.331821400000
-0.303962400000
-0.258341700000
-0.217068200000
-0.175536900000
-0.122433500000
-0.063625980000
-0.027288390000
-0.017117260000
-0.003222722000
0.037847580000
0.109470600000
0.182093700000
0.221972700000
0.221348000000
0.163794900000
0.078120560000
0.040817630000
0.089659750000
0.212325600000
0.276444400000
0.239998600000
0.166478300000
0.104291400000
0.031739380000
-0.074178810000
-0.183873800000
-0.247970500000
-0.284452300000
-0.326504400000
-0.376429000000
-0.420208900000
-0.447332300000
-0.462093700000
-0.467274000000
-0.452014100000
-0.385395600000
-0.246469700000
-0.097657230000
-0.048286230000
-0.063361830000
-0.069608870000
-0.041318480000
0.028969170000
0.103450200000
0.135794100000
0.135717700000
0.127180900000
0.130631000000
0.175012500000
0.279125000000
0.394481300000
0.487608600000
0.535447100000
0.517878200000
0.452496500000
0.384525400000
0.334630300000
0.278625000000
0.190324600000
0.098691060000
0.023872260000
-0.035705370000
-0.066290420000
-0.074075630000
-0.078171240000
-0.094009420000
-0.137743200000
-0.196083000000
-0.244624700000
-0.278937600000
-0.314274000000
-0.356746200000
-0.385656100000
-0.378734900000
-0.311453800000
-0.199325300000
-0.084052710000
0.015398740000
0.087077700000
0.144700200000
0.194808600000
0.230745800000
0.256521100000
0.271562100000
0.277175100000
0.287782600000
0.317384400000
0.351240100000
0.360716900000
0.331382600000
0.270832000000
0.210136000000
0.181037800000
0.181333700000
0.199817300000
0.226291800000
0.228744100000
0.194777400000
0.159867600000
0.136163100000
0.104273500000
0.064221410000
0.024812480000
-0.015077710000
-0.064757600000
-0.127898900000
-0.186291800000
-0.247014800000
-0.302704800000
-0.350714900000
-0.390559300000
-0.406777100000
-0.402953000000
-0.386358900000
-0.355909700000
-0.314787700000
-0.270552500000
-0.225532100000
-0.187101400000
-0.170208300000
-0.178630900000
-0.218482300000
-0.271717300000
-0.294948600000
-0.290368500000
-0.269058500000
-0.226172600000
-0.164383700000
-0.083102610000
0.007091396000
0.094052850000
0.149175300000
0.163350000000
0.162052800000
0.154486700000
0.115427300000
0.020956050000
-0.091332740000
-0.155636900000
-0.160687900000
-0.127122400000
-0.055229650000
0.052766020000
0.187646600000
0.303901900000
0.393637400000
0.434523800000
0.433962300000
0.424910400000
0.412520000000
0.387065800000
0.351530000000
0.318501500000
0.305631200000
0.319371200000
0.353058800000
0.387553900000
0.409001100000
0.410288300000
0.368559000000
0.289718400000
0.214662400000
0.164035400000
0.127763400000
0.097396710000
0.069324120000
0.018895220000
-0.054036670000
-0.201201900000
-0.393198800000
-0.465000700000
-0.451032200000
-0.441555200000
-0.437981300000
-0.427931500000
-0.403750400000
-0.361000400000
-0.313057300000
-0.267868300000
-0.215864400000
-0.165551200000
-0.142489300000
-0.162171600000
-0.205951900000
-0.230851100000
-0.209946200000
-0.128706600000
-0.050266390000
-0.014647100000
0.002628036000
0.012434650000
0.015568760000
0.039899120000
0.066457380000
0.073096770000
0.067658630000
0.060222620000
0.056095860000
0.065115440000
0.081906290000
0.086689830000
0.071825580000
0.041778700000
0.005019716000
-0.028001110000
-0.059198420000
-0.078760930000
-0.072048150000
-0.046791870000
-0.016861940000
0.039972720000
0.172517400000
0.303770200000
0.232542900000
-0.024579830000
-0.155171900000
-0.141953600000
-0.111886600000
-0.093838250000
-0.062147370000
-0.024882530000
0.001554800000
0.007051617000
-0.005580397000
-0.032522210000
-0.067406760000
-0.096748550000
-0.122353400000
-0.153815400000
-0.195687300000
-0.231007200000
-0.255224900000
-0.272773800000
-0.282576100000
-0.279067400000
-0.254440200000
-0.182641700000
-0.079151140000
-0.024746620000
-0.014302210000
-0.006976101000
0.008706270000
0.053446660000
0.128019300000
0.194437800000
0.252120400000
0.304647700000
0.342446900000
0.361623300000
0.370749200000
0.372896200000
0.363203200000
0.324071400000
0.258819300000
0.192344200000
0.130362200000
0.082888880000
0.074718230000
0.097600470000
0.122527400000
0.130613800000
0.130008600000
0.134374000000
0.157498600000
0.190496200000
0.201787100000
0.195327400000
0.174957000000
0.122160300000
0.030580370000
-0.062888170000
-0.120997600000
-0.151727800000
-0.169263100000
-0.178369000000
-0.179913200000
-0.175995600000
-0.169690500000
-0.166989600000
-0.169507200000
-0.175353900000
-0.182082200000
-0.188140400000
-0.195514800000
-0.214906000000
-0.242132200000
-0.241704600000
-0.212044400000
-0.176119400000
-0.137911300000
-0.097115190000
-0.058834800000
-0.030865970000
-0.013118430000
0.000547454700
0.013313430000
0.024882370000
0.039316810000
0.054879340000
0.073780460000
0.100571900000
0.128856800000
0.153215400000
0.176037300000
0.176297100000
0.152414200000
0.135811400000
0.138525300000
0.155738700000
0.176859500000
0.190245900000
0.194680600000
0.197491700000
0.203740400000
0.210583800000
0.212141900000
0.206307700000
0.188394600000
0.146838100000
0.051299670000
-0.101283000000
-0.180543900000
-0.180157200000
-0.181096800000
-0.195464600000
-0.207468500000
-0.220028900000
-0.246122000000
-0.277565400000
-0.298451700000
-0.316365000000
-0.336755500000
-0.355508300000
-0.368178300000
-0.343121200000
-0.274645800000
-0.218628300000
-0.188198800000
-0.167562700000
-0.117872300000
-0.041086720000
0.014554760000
0.064212360000
0.124922300000
0.177531200000
0.212468800000
0.236278500000
0.254231200000
0.271958600000
0.294229100000
0.318901900000
0.342284500000
0.360891000000
0.366992000000
0.355866500000
0.318803100000
0.265070500000
0.215695700000
0.172437500000
0.116214900000
0.038689180000
-0.039405300000
-0.099674510000
-0.136587400000
-0.151189300000
-0.152445200000
-0.144804300000
-0.121333700000
-0.084633050000
-0.054612430000
-0.044596170000
-0.048301940000
-0.064281890000
-0.107511600000
-0.182093500000
-0.247697100000
-0.293069200000
-0.321828200000
-0.290392100000
-0.210104400000
-0.125069200000
-0.077250880000
-0.044693950000
-0.011966250000
-0.008606144000
-0.020686020000
-0.014420400000
0.014868600000
0.055564300000
0.094036920000
0.121292000000
0.137912600000
0.153473400000
0.174249800000
0.205165400000
0.241489300000
0.272566800000
0.298075900000
0.314512400000
0.322025500000
0.319895500000
0.294309700000
0.230690300000
0.116923400000
0.014308060000
-0.043684990000
-0.079458870000
-0.116761100000
-0.156599900000
-0.188380000000
-0.211629500000
-0.229123800000
-0.236809000000
-0.237444600000
-0.240659000000
-0.245697100000
-0.247542200000
-0.239092600000
-0.205076900000
-0.141317400000
-0.075295490000
-0.029264720000
-0.001457387000
0.019247390000
0.038107950000
0.049935810000
0.050435620000
0.043982960000
0.035041280000
0.026437210000
0.025202260000
0.036027090000
0.063591410000
0.094314370000
0.114043600000
0.121218500000
0.119440700000
0.103892300000
0.069657460000
0.034910830000
0.008372338000
-0.005088119000
-0.009322750000
-0.015386640000
-0.021911800000
-0.020967830000
-0.014020710000
-0.000570649900
0.018751270000
0.035817750000
0.043235760000
0.042339750000
0.038941180000
0.037139270000
0.040603300000
0.048368520000
0.054305210000
0.054660490000
0.052344840000
0.050313060000
0.050703380000
0.056823750000
0.070620230000
0.083706580000
0.089103460000
0.083002770000
0.062115680000
0.029189690000
-0.004527751000
-0.032306510000
-0.055407990000
-0.072878800000
-0.082860490000
-0.085336190000
-0.081725720000
-0.074923460000
-0.068721190000
-0.069484580000
-0.078979610000
-0.095767150000
-0.112892600000
-0.122108700000
-0.124801300000
-0.127121800000
-0.129730300000
-0.125185000000
-0.101996400000
-0.055075520000
-0.003850360000
0.033317070000
0.055368450000
0.069435490000
0.080436150000
0.088687420000
0.088500730000
0.074371080000
0.048326060000
0.020383320000
-0.004147827000
-0.023776760000
-0.035346140000
-0.038776320000
-0.036147040000
-0.028869480000
-0.021282120000
-0.018756180000
-0.018047950000
-0.012237200000
-0.001344063000
0.008730022000
0.008791610000
-0.002075566000
-0.022229450000
-0.047206990000
-0.069726230000
-0.079642110000
-0.073889000000
-0.058747970000
-0.040597550000
-0.027146880000
-0.021466030000
-0.018782150000
-0.011847320000
0.002826834000
0.017880100000
0.023156240000
0.016916420000
0.003634569000
-0.009950948000
-0.020883560000
-0.027717590000
-0.030394440000
-0.031455490000
-0.031937610000
-0.030884000000
-0.023279100000
-0.003525304000
0.021317750000
0.038192630000
0.046430480000
0.051640050000
0.058894870000
0.075415120000
0.098627120000
0.121694100000
0.142969800000
0.159578200000
0.169736300000
0.176925000000
0.181292700000
0.182791300000
0.187106700000
0.194314100000
0.198475500000
0.193450200000
0.180081900000
0.158684900000
0.123120700000
0.076876920000
0.034208090000
0.003159334000
-0.019400190000
-0.037749400000
-0.055448790000
-0.072877510000
-0.086827780000
-0.098513000000
-0.109886800000
-0.123125500000
-0.143004800000
-0.167559600000
-0.190655600000
-0.207287700000
-0.214465500000
-0.215558300000
-0.213263500000
-0.203579800000
-0.184729800000
-0.162365400000
-0.140209400000
-0.110365200000
-0.067181360000
-0.034219320000
-0.032272520000
-0.049416990000
-0.071006200000
-0.086680310000
-0.093274300000
-0.091227800000
-0.078859440000
-0.054991700000
-0.025828340000
0.001338666000
0.024700970000
0.043551410000
0.056768080000
0.064143840000
0.069947550000
0.078299830000
0.089987100000
0.102988100000
0.111177100000
0.111809000000
0.108813600000
0.105744900000
0.105839000000
0.108283200000
0.109430500000
0.103261700000
0.079380450000
0.042262060000
0.017830730000
0.012250880000
0.011236520000
0.002775163000
-0.013965910000
-0.036336230000
-0.059623840000
-0.081356800000
-0.100467100000
-0.113356400000
-0.119260500000
-0.119670900000
-0.114332300000
-0.103116300000
-0.091969190000
-0.084765940000
-0.072010620000
-0.043179830000
-0.009000436000
0.023687550000
0.053937980000
0.072382440000
0.075661880000
0.076884110000
0.083515890000
0.097319860000
0.114658400000
0.131391100000
0.147630100000
0.163661400000
0.174770000000
0.176250000000
0.166088600000
0.144615600000
0.112874400000
0.080548690000
0.053509920000
0.026544070000
0.001955219000
-0.015220990000
-0.029872020000
-0.043693220000
-0.055763100000
-0.066976950000
-0.078369630000
-0.087824800000
-0.092230540000
-0.091034540000
-0.083000310000
-0.067619290000
-0.052206810000
-0.042477350000
-0.040253830000
-0.046203200000
-0.054281830000
-0.056276670000
-0.046581970000
-0.022892120000
0.005521530000
0.031872450000
0.050985420000
0.055607870000
0.051263430000
0.043651630000
0.035022140000
0.027831650000
0.023674210000
0.019812520000
0.012550380000
0.000457965700
-0.018290070000
-0.039107360000
-0.056189670000
-0.069977300000
-0.081757200000
-0.089763790000
-0.093646840000
-0.092363350000
-0.085569140000
-0.076720000000
-0.071119760000
-0.070221280000
-0.071834780000
-0.074020910000
-0.073502690000
-0.066447730000
-0.051076170000
-0.032314970000
-0.014328110000
0.002930013000
0.016251810000
0.025659400000
0.033168780000
0.039160880000
0.045576840000
0.052143230000
0.058794700000
0.066716660000
0.072635140000
0.075885030000
0.075660390000
0.069697290000
0.056946390000
0.042714450000
0.033984110000
0.031998940000
0.034284690000
0.037846850000
0.036793140000
0.028041740000
0.016204580000
0.007519766000
0.000493773100
-0.006587163000
-0.013256440000
-0.020581330000
-0.027511860000
-0.031034420000
-0.032912390000
-0.034754000000
-0.036488370000
-0.038029520000
-0.039493390000
-0.039102410000
-0.031863440000
-0.013115610000
0.009818916000
0.026358500000
0.030834240000
0.029087100000
0.030523600000
0.039376200000
0.051250840000
0.059757170000
0.064073850000
0.065974750000
0.066326740000
0.065823360000
0.065415700000
0.064438840000
0.061604700000
0.055827170000
0.048092260000
0.039730510000
0.035889270000
0.037398770000
0.038391880000
0.035118970000
0.028222840000
0.021223780000
0.016421520000
0.013996900000
0.012409970000
0.009553744000
0.006617433000
0.003206804000
-0.001228060000
-0.005532525000
-0.008836901000
-0.011497730000
-0.015695650000
-0.022134480000
-0.031993490000
-0.044994800000
-0.059171820000
-0.071080550000
-0.081464350000
-0.089070820000
-0.093394840000
-0.094769130000
-0.092842400000
-0.084789020000
-0.070583360000
-0.058642180000
-0.058469150000
-0.066850540000
-0.075636060000
-0.080929130000
-0.082756240000
-0.083409350000
-0.082290520000
-0.077614800000
-0.070326500000
-0.059302720000
-0.043306620000
-0.024191930000
-0.006204024000
0.008986277000
0.021715580000
0.034336510000
0.049343710000
0.068837090000
0.091964670000
0.112987800000
0.128608800000
0.137695000000
0.140498400000
0.137237700000
0.122702700000
0.088044230000
0.039505060000
-0.000886728700
-0.021713570000
-0.028813030000
-0.028389050000
-0.023369340000
-0.015921540000
-0.009386303000
-0.004630984000
0.000651593900
0.006094553000
0.009341416000
0.009359907000
0.005507208000
-0.000381328300
-0.007634638000
-0.013371670000
-0.011437470000
0.001802369000
0.023575900000
0.045511800000
0.063303360000
0.070800200000
0.065600420000
0.049856130000
0.027623230000
0.007255772000
-0.003762534000
-0.005575778000
-0.004124078000
-0.002053799000
-0.000622044700
-0.003538042000
-0.012615860000
-0.026072800000
-0.038957050000
-0.048148240000
-0.051478560000
-0.048476930000
-0.039845770000
-0.027772140000
-0.015730140000
-0.006656783000
-0.002297657000
-0.001239805000
-0.005583317000
-0.017533180000
-0.033331230000
-0.044825330000
-0.047050850000
-0.039731830000
-0.022305370000
-0.001859771000
0.017595380000
0.035979700000
0.049347230000
0.054543680000
0.055383790000
0.053391720000
0.049712730000
0.049212120000
0.051859450000
0.052219720000
0.044692790000
0.027209160000
0.006312482000
-0.013210110000
-0.024485570000
-0.023955720000
-0.018478300000
-0.015147620000
-0.013699140000
-0.012028810000
-0.011761790000
-0.016335070000
-0.027157510000
-0.040267200000
-0.050485050000
-0.057950970000
-0.060386780000
-0.052334660000
-0.031397810000
-0.009831885000
-0.003456651000
-0.006601397000
-0.006791616000
-0.002029745000
0.002614237000
0.002868896000
-0.000805125200
-0.002816892000
0.001543529000
0.007491507000
0.009025746000
0.005674695000
-0.002765304000
-0.015571600000
-0.025040050000
-0.026035140000
-0.019431210000
-0.007360568000
0.007265073000
0.017139710000
0.022745440000
0.026901970000
0.029996900000
0.032642060000
0.035864710000
0.039116740000
0.041997780000
0.043342590000
0.043838370000
0.043488380000
0.042232110000
0.042076100000
0.044623740000
0.047757060000
0.048821500000
0.046726640000
0.041195120000
0.033900330000
0.027950020000
0.025808980000
0.026110950000
0.025553770000
0.020686750000
0.010082300000
-0.005176388000
-0.021087780000
-0.035413440000
-0.046116560000
-0.050753470000
-0.052369950000
-0.054739810000
-0.057040180000
-0.059154510000
-0.061968970000
-0.065325020000
-0.067568830000
-0.067069490000
-0.062817810000
-0.053502870000
-0.041952600000
-0.031394590000
-0.023867450000
-0.020558670000
-0.019965140000
-0.021059590000
-0.021251790000
-0.020437050000
-0.019528880000
-0.018106720000
-0.016193160000
-0.012890790000
-0.006623341000
0.001654828000
0.009838878000
0.016864470000
0.021037620000
0.019228450000
0.011603480000
-0.002511800000
-0.015276960000
-0.018401920000
-0.012146780000
-0.000578364300
0.011258390000
0.018737090000
0.020413540000
0.013782920000
-0.002247967000
-0.021034230000
-0.033401390000
-0.036457250000
-0.034977960000
-0.033116930000
-0.031467870000
-0.029154100000
-0.026811930000
-0.026406580000
-0.026736020000
-0.026703320000
-0.025498160000
-0.019594960000
-0.009085367000
0.001480736000
0.006038984000
0.007210047000
0.008998036000
0.012212190000
0.015577460000
0.017580460000
0.017640260000
0.017070060000
0.017855880000
0.021008740000
0.025925790000
0.031126750000
0.035338830000
0.039025200000
0.040573560000
0.038427090000
0.033724070000
0.027510750000
0.022482740000
0.021516490000
0.022641560000
0.024177460000
0.026322410000
0.026264850000
0.023427470000
0.021920920000
0.021661780000
0.020106130000
0.018635900000
0.019135990000
0.021222340000
0.022543390000
0.022207020000
0.019240080000
0.011911500000
0.002759844000
-0.003053639000
-0.005140967000
-0.005643488000
-0.006362260000
-0.008653514000
-0.011038780000
-0.012749520000
-0.015804580000
-0.020988320000
-0.027250620000
-0.033304260000
-0.038595700000
-0.042770940000
-0.044131390000
-0.041404310000
-0.034697610000
-0.024251500000
-0.014193240000
-0.009661858000
-0.009826483000
-0.010121260000
-0.008849767000
-0.006697962000
-0.004330280000
-0.001592795000
0.000904979800
0.004845716000
0.009235202000
0.011925010000
0.012761030000
0.011257040000
0.009013119000
0.008453540000
0.008900560000
0.008742783000
0.005734764000
-0.000793797000
-0.012966640000
-0.027948880000
-0.039129670000
-0.044796390000
-0.047269360000
-0.047338870000
-0.041839990000
-0.024927550000
-0.002302705000
0.017939890000
0.031234180000
0.036043880000
0.038567920000
0.041851050000
0.044008700000
0.043347060000
0.041173240000
0.040151830000
0.041282070000
0.043405920000
0.044307430000
0.043001320000
0.038769020000
0.032408100000
0.024831450000
0.017805030000
0.012005310000
0.007968700000
0.006723565000
0.009619680000
0.015714910000
0.023042040000
0.031153070000
0.035646720000
0.034216510000
0.028654940000
0.020194120000
0.014201930000
0.013599160000
0.016332500000
0.022516570000
0.029284750000
0.032948470000
0.032638500000
0.030215410000
0.028534280000
0.028027750000
0.025076810000
0.016573460000
0.002143430000
-0.015598520000
-0.030277550000
-0.040436180000
-0.047457740000
-0.052690590000
-0.057512140000
-0.060967200000
-0.062153730000
-0.062469350000
-0.061870480000
-0.057680470000
-0.049974900000
-0.040504100000
-0.030586810000
-0.020835320000
-0.011681690000
-0.003504681000
0.007126569000
0.019703220000
0.031245680000
0.038252070000
0.042113880000
0.043345110000
0.041750220000
0.039539380000
0.039404010000
0.040183810000
0.039040370000
0.031403660000
0.016501700000
-0.000262383800
-0.014992310000
-0.024764060000
-0.032859870000
-0.042172890000
-0.053144960000
-0.062557000000
-0.069119240000
-0.072883360000
-0.070724550000
-0.061513200000
-0.046196430000
-0.028397990000
-0.012988840000
-0.005381639000
-0.003732016000
-0.003683186000
-0.001640376000
0.003812849000
0.009071686000
0.012190880000
0.015699520000
0.022220200000
0.030231530000
0.036899930000
0.037976170000
0.030853530000
0.014054120000
-0.005893821000
-0.023982370000
-0.033319240000
-0.034890000000
-0.034560820000
-0.033821010000
-0.031294210000
-0.026074620000
-0.018120240000
-0.006248617000
0.007244637000
0.012476380000
0.009060575000
0.003902830000
0.001530059000
0.002219215000
0.005463841000
0.010115460000
0.013164610000
0.013302630000
0.011041450000
0.005991951000
-0.004983279000
-0.021494290000
-0.035931310000
-0.042134110000
-0.040917390000
-0.033362000000
-0.020599900000
-0.006725207000
0.003449726000
0.008607521000
0.010178150000
0.007881742000
0.004377567000
0.004607254000
0.013485050000
0.026547440000
0.036577780000
0.041990660000
0.043204700000
0.042413570000
0.040788690000
0.036305300000
0.028242660000
0.014755500000
-0.001300344000
-0.014105900000
-0.023188600000
-0.028331820000
-0.031463700000
-0.033743350000
-0.035542650000
-0.035344220000
-0.032705730000
-0.029834460000
-0.028770810000
-0.030322350000
-0.032657000000
-0.033007380000
-0.027034510000
-0.015551870000
-0.000612515600
0.014552300000
0.028563690000
0.039308170000
0.046808440000
0.053950790000
0.058712930000
0.059094880000
0.055673040000
0.048209510000
0.033962280000
0.018402730000
0.005294828000
-0.004525894000
-0.014730830000
-0.026013110000
-0.035817970000
-0.042070750000
-0.044194100000
-0.043966540000
-0.043771040000
-0.043647040000
-0.042724980000
-0.041085140000
-0.036872610000
-0.027868830000
-0.015398160000
-0.003290405000
0.006504831000
0.012657110000
0.017703570000
0.023909520000
0.031421780000
0.037738470000
0.041983740000
0.042449840000
0.038111220000
0.030532050000
0.022830140000
0.017867490000
0.015708680000
0.014810670000
0.014401020000
0.012259670000
0.007221879000
-0.000209604600
-0.007018201000
-0.008527944000
-0.003566689000
0.004820827000
0.012288250000
0.014887480000
0.012134000000
0.005355351000
-0.000844165900
-0.003685849000
-0.002889110000
0.000362041700
0.004323447000
0.009744551000
0.014587600000
0.016788330000
0.014365400000
0.006055881000
-0.005035040000
-0.011317640000
-0.011093140000
-0.006278522000
0.000227793800
0.004361499000
0.004707787000
0.001727483000
-0.003754781000
-0.012002040000
-0.020117410000
-0.025693840000
-0.029325700000
-0.032589990000
-0.035169940000
-0.036915640000
-0.036689770000
-0.033275230000
-0.027315230000
-0.021297580000
-0.017366530000
-0.014113440000
-0.008320806000
0.001522941000
0.013583520000
0.023696210000
0.029626830000
0.033300840000
0.034421130000
0.034705930000
0.036010920000
0.035619150000
0.030026910000
0.018585990000
0.006019799000
-0.002647949000
-0.006742601000
-0.008324324000
-0.009839820000
-0.012999800000
-0.017688420000
-0.021252320000
-0.023669830000
-0.024768780000
-0.022521670000
-0.016389030000
-0.008571035000
-0.000224706500
0.008434905000
0.015027670000
0.017577030000
0.015962530000
0.011450620000
0.007169679000
0.004633353000
0.005318888000
0.009977782000
0.015224430000
0.017323040000
0.016947620000
0.014800170000
0.013156950000
0.014170480000
0.017706630000
0.022384130000
0.027131190000
0.028439100000
0.025859590000
0.022319080000
0.018556540000
0.014922020000
0.012053640000
0.009947972000
0.007553458000
0.004956985000
0.003415168000
0.003091196000
0.002558931000
0.001195134000
-0.002024559000
-0.006540403000
-0.009404427000
-0.009525670000
-0.007862564000
-0.005093413000
-0.002970213000
-0.001183639000
0.001857851000
0.005636355000
0.006964784000
0.004386418000
-0.000415790100
-0.004651735000
-0.006926590000
-0.009276469000
-0.012405800000
-0.016879360000
-0.022418510000
-0.025229310000
-0.024610380000
-0.022517640000
-0.020565560000
-0.019416390000
-0.018661230000
-0.018083440000
-0.017029450000
-0.014773560000
-0.009663676000
-0.000968296600
0.009265237000
0.015270780000
0.017119740000
0.018908530000
0.022209520000
0.024340200000
0.023625880000
0.019526100000
0.013117030000
0.006598402000
0.002026180000
-0.001479337000
-0.006441135000
-0.014032610000
-0.022740340000
-0.028739200000
-0.030514820000
-0.030215920000
-0.028997680000
-0.027818090000
-0.027808990000
-0.028459780000
-0.028485580000
-0.027278100000
-0.023454700000
-0.016836410000
-0.009492256000
-0.003534294000
0.003130754000
0.011739690000
0.019519630000
0.023331540000
0.024539190000
0.024751050000
0.025175750000
0.025469380000
0.025208720000
0.024269520000
0.022577150000
0.020002000000
0.017533980000
0.016172730000
0.015626470000
0.014514420000
0.010679030000
0.004870055000
-0.003687972000
-0.016682920000
-0.029677450000
-0.034936310000
-0.034601980000
-0.029016010000
-0.017820170000
-0.007498880000
-0.002091436000
-0.000233521800
0.000456672300
0.001045615000
0.002690303000
0.005773162000
0.008612937000
0.011618650000
0.015380580000
0.018849100000
0.021280110000
0.023007680000
0.021952510000
0.018412090000
0.013923420000
0.010529040000
0.007638854000
0.005106919000
0.002770263000
-0.000169431300
-0.002916426000
-0.006022549000
-0.010418650000
-0.014942960000
-0.017961610000
-0.020289500000
-0.022634800000
-0.025248300000
-0.028022360000
-0.028714880000
-0.026782790000
-0.025062880000
-0.022369960000
-0.019891680000
-0.016393270000
-0.009530749000
-0.002086906000
0.001684423000
0.003394619000
0.003874153000
0.003093234000
0.002677302000
0.004608890000
0.008304904000
0.013482020000
0.018433750000
0.021515420000
0.024138460000
0.027715360000
0.031096950000
0.033383080000
0.033772750000
0.032508470000
0.029392100000
0.023940160000
0.016334820000
0.008792423000
0.002007774000
-0.003563600000
-0.007314467000
-0.009137832000
-0.009879415000
-0.009931469000
-0.010486380000
-0.011924700000
-0.012770220000
-0.013220730000
-0.013089840000
-0.012251640000
-0.011262660000
-0.009323332000
-0.005230338000
0.001930430000
0.009488347000
0.016280630000
0.021969510000
0.025498400000
0.023953170000
0.017398940000
0.007838192000
-0.002662679000
-0.009612683000
-0.011866640000
-0.011820050000
-0.008874127000
-0.000081361440
0.012314660000
0.018382750000
0.017866340000
0.016953240000
0.015879070000
0.014777250000
0.013185880000
0.009004452000
0.002422881000
-0.003575990000
-0.007252788000
-0.009221735000
-0.009523859000
-0.009110592000
-0.008383350000
-0.007376526000
-0.007114607000
-0.008831343000
-0.012147390000
-0.015355560000
-0.018068750000
-0.019321700000
-0.018171880000
-0.015070590000
-0.009504186000
0.001210763000
0.013670500000
0.022561040000
0.026726200000
0.029019450000
0.030724160000
0.032100790000
0.031115760000
0.026764880000
0.019289230000
0.009375316000
-0.002484851000
-0.013615860000
-0.019943120000
-0.022654930000
-0.024817920000
-0.027308120000
-0.030021460000
-0.032184930000
-0.033306380000
-0.031842290000
-0.027995490000
-0.023277080000
-0.019124640000
-0.013856410000
-0.006604135000
0.000825035900
0.007598982000
0.012578080000
0.014952790000
0.015075450000
0.012980350000
0.011259080000
0.012522820000
0.015938900000
0.018494760000
0.020037530000
0.020467100000
0.018982400000
0.016605650000
0.012933210000
0.007489038000
0.001595943000
-0.002446848000
-0.002819322000
-0.000154831800
0.003003422000
0.005191939000
0.005390251000
0.002489027000
-0.002803604000
-0.007727917000
-0.012450560000
-0.016840130000
-0.021001290000
-0.025176700000
-0.028446470000
-0.030046140000
-0.031204950000
-0.030617400000
-0.028369960000
-0.026259320000
-0.023859380000
-0.019261220000
-0.010174470000
0.000080103780
0.009969245000
0.020030510000
0.028347470000
0.035655490000
0.040750590000
0.041994930000
0.039519040000
0.034900010000
0.028949310000
0.021260400000
0.011855530000
0.001315062000
-0.008920435000
-0.018556120000
-0.025251230000
-0.028422690000
-0.030271890000
-0.031591850000
-0.031772300000
-0.031498230000
-0.030857360000
-0.028553070000
-0.024239180000
-0.019254300000
-0.014834000000
-0.010563800000
-0.006742649000
-0.003990942000
-0.000939970700
0.001786518000
0.004308750000
0.005600101000
0.006389581000
0.006268316000
0.006158494000
0.005307637000
0.003867030000
0.000620186300
-0.003874416000
-0.008115221000
-0.011281140000
-0.014560510000
-0.018350610000
-0.021027470000
-0.022096580000
-0.020788620000
-0.018136770000
-0.016031870000
-0.013778920000
-0.012436480000
-0.012230570000
-0.012752080000
-0.014520720000
-0.016499560000
-0.017141040000
-0.015970470000
-0.012947730000
-0.008445734000
-0.002662089000
0.003088183000
0.005580226000
0.005921989000
0.006662227000
0.008049439000
0.011478900000
0.016716710000
0.020688360000
0.021186740000
0.018194060000
0.014194300000
0.009558519000
0.005368068000
0.001738594000
-0.000758616000
-0.002288778000
-0.003371750000
-0.004837650000
-0.007631244000
-0.010901720000
-0.013135770000
-0.014607170000
-0.014453820000
-0.013453210000
-0.012629220000
-0.012285120000
-0.010990170000
-0.007596195000
-0.002067173000
0.005925723000
0.014687980000
0.021745590000
0.026993510000
0.031583470000
0.037493890000
0.043440800000
0.047621040000
0.048603510000
0.046364000000
0.042611700000
0.038727430000
0.034053200000
0.027670860000
0.020708940000
0.012559620000
0.004828399000
-0.001351785000
-0.006013050000
-0.009531868000
-0.013648580000
-0.017869890000
-0.021439110000
-0.022985810000
-0.023755220000
-0.023509950000
-0.022162350000
-0.020224520000
-0.018492410000
-0.017610450000
-0.017977230000
-0.018793990000
-0.019895010000
-0.020598680000
-0.020222070000
-0.018319010000
-0.013727530000
-0.008040127000
-0.003160578000
0.000994487900
0.003920836000
0.006572179000
0.009877779000
0.013040740000
0.014848800000
0.015551260000
0.015389300000
0.015054840000
0.015517430000
0.014888500000
0.012409130000
0.008923515000
0.003975499000
-0.001405128000
-0.005735719000
-0.008646873000
-0.009521695000
-0.007338363000
-0.004538923000
-0.002504390000
-0.001290093000
-0.002127618000
-0.004223649000
-0.005273595000
-0.004433428000
-0.002386193000
0.001353582000
0.005383743000
0.008821187000
0.010496970000
0.010500860000
0.010029010000
0.006542149000
0.001714635000
-0.000329114700
0.001742620000
0.006469953000
0.010732960000
0.012931030000
0.015088610000
0.017630020000
0.019746080000
0.020594140000
0.019688150000
0.016571680000
0.011076480000
0.005602667000
0.002645410000
0.001044833000
-0.000240383900
-0.001192400000
-0.002727234000
-0.003422708000
-0.002566841000
-0.000893770900
0.001923373000
0.005435826000
0.006858538000
0.006456374000
0.005691735000
0.006096411000
0.006593065000
0.006534074000
0.006772201000
0.007126016000
0.006513321000
0.006223682000
0.007371122000
0.008002842000
0.007830964000
0.007999463000
0.009811995000
0.012806320000
0.015785750000
0.018544410000
0.019810040000
0.017450270000
0.012358790000
0.003012184000
-0.005434580000
-0.007301493000
-0.006589046000
-0.005882576000
-0.005331556000
-0.004787090000
-0.005374933000
-0.006355258000
-0.008056246000
-0.010553990000
-0.012950900000
-0.013281310000
-0.012280470000
-0.010597420000
-0.007743605000
-0.004015208000
-0.000168450700
0.004199225000
0.007931346000
0.010700300000
0.013173010000
0.014559400000
0.015886810000
0.015930890000
0.015440990000
0.015305230000
0.015124170000
0.014474190000
0.014049400000
0.012908310000
0.010232160000
0.006355208000
0.002954379000
0.000349242600
-0.001696022000
-0.003386150000
-0.005267247000
-0.006746291000
-0.007944673000
-0.009148041000
-0.010949940000
-0.012870370000
-0.012937560000
-0.011239260000
-0.008453018000
-0.004441155000
0.000350689200
0.004515830000
0.006967138000
0.009179028000
0.009280992000
0.008284426000
0.008053150000
0.007347827000
0.005883132000
0.004960615000
0.004761969000
0.005500418000
0.006576181000
0.005646141000
0.004116967000
0.003697636000
0.002305131000
-0.000688829700
-0.004746887000
-0.008868317000
-0.012482980000
-0.015664230000
-0.017775670000
-0.018042220000
-0.016925710000
-0.013507610000
-0.007037821000
-0.000093302180
0.006012208000
0.010451210000
0.012897920000
0.013316630000
0.010560370000
0.008424001000
0.008966768000
0.007972068000
0.004365480000
0.000206410900
-0.003860216000
-0.007292010000
-0.011158370000
-0.014472700000
-0.017554430000
-0.020657150000
-0.022707480000
-0.023789740000
-0.023585420000
-0.021515400000
-0.018438460000
-0.015421330000
-0.013667320000
-0.013141040000
-0.013768220000
-0.014080970000
-0.013640420000
-0.012192130000
-0.010297730000
-0.008367240000
-0.005995739000
-0.003965191000
-0.002027776000
-0.000722411700
-0.000017249550
-0.000580471400
-0.001737125000
-0.002447685000
-0.002982460000
-0.002800360000
-0.001837520000
-0.001946678000
-0.003153851000
-0.004875525000
-0.006505648000
-0.007919905000
-0.008475664000
-0.008859924000
-0.009667801000
-0.010043710000
-0.009831695000
-0.008681307000
-0.006769530000
-0.004013533000
-0.001000302000
0.002554645000
0.006021294000
0.008269422000
0.009109617000
0.008657446000
0.008007563000
0.007747011000
0.007982422000
0.008636714000
0.008730893000
0.006812009000
0.003890487000
0.001030143000
-0.000837708800
-0.001420120000
-0.001580586000
-0.001999120000
-0.002670596000
-0.002876752000
-0.002510040000
-0.002032324000
-0.001819281000
-0.001495045000
-0.001169900000
-0.000772280100
0.000317966300
0.001904732000
0.002968458000
0.003186612000
0.002904863000
0.002797482000
0.002963694000
0.003140462000
0.003081341000
0.002978997000
0.002397193000
0.001344600000
0.000318819900
-0.000740803600
-0.001714529000
-0.002248002000
-0.002143996000
-0.001759187000
-0.001323582000
-0.001053734000
-0.000949407200
-0.001229842000
-0.002001806000
-0.002820772000
-0.003434709000
-0.003749915000
-0.003568081000
-0.002898296000
-0.002154962000
-0.001418909000
-0.000640147500
-0.000067827380
0.000421835700
0.000914011000
0.001301254000
0.001580998000
0.001736619000
0.001859370000
0.001844552000
0.001637070000
0.001360205000
0.001091807000
0.000988037600
0.001020038000
0.001165993000
0.001352540000
0.001339106000
0.001035094000
0.000570992400
0.000296457300
0.000347929200
0.000501246900
0.000711925900
0.000938350500
0.001045120000
0.001039623000
0.000994015800
0.000896638400
0.000740760700
0.000691531600
0.000782287300
0.000936064200
0.001103934000
0.001257377000
0.001310979000
0.001259704000
0.001183781000
0.001114570000
0.001043722000
0.000984660000
0.000950453200
0.000923091600
0.000901723800
0.000885941500
0.000845227900
0.000799413000
0.000761179200
0.000723254300
0.000680433600
0.000647868000
0.000628646300
0.000622302400
0.000623441100
0.000626064400
0.000620460200
0.000610954200
0.000597347700
0.000583857300
0.000576317800
0.000574911500
0.000577930900
0.000582350000
0.000586734400
0.000590600400
0.000592390100
0.000591046200
0.000588241800
0.000584533400
0.000579581800
0.000574212400
0.000568684500
0.000563231100
0.000558110800
0.000553085700
0.000548363200
0.000544249500
0.000540791800
0.000537829200
0.000535349200
0.000533303200
0.000531711300
0.000530632100
0.000530114800
0.000530172000
0.000530800400
0.000531990200
0.000533733500
0.000000000000
0.000000000000
0.000000000000
0.000000000000
0.000000000000
0.000000000000
0.000000000000
0.000000000000
0.000000000000
0.000000000000
0.000000000000
0.000000000000
0.000000000000
0.000000000000
0.000000000000
0.000000000000
0.000000000000
0.000000000000
0.000000000000
0.000000000000
0.000000000000
0.000000000000
0.000000000000
0.000000000000
0.000000000000
0.000000000000
0.000000000000
0.000000000000
0.000000000000
0.000000000000
0.000000000000
0.000000000000
0.000000000000
0.000000000000
0.000000000000
0.000000000000
0.000000000000
0.000000000000
0.000000000000
0.000000000000
0.000000000000
0.000000000000
0.000000000000
0.000000000000
0.000000000000
0.000000000000
0.000000000000
0.000000000000
0.000000000000
0.000000000000
0.000000000000
0.000000000000
0.000000000000
0.000000000000
0.000000000000
0.000000000000
0.000000000000
0.000000000000
0.000000000000
0.000000000000
0.000000000000
0.000000000000
0.000000000000
0.000000000000
0.000000000000
0.000000000000
0.000000000000
0.000000000000
0.000000000000
0.000000000000
0.000000000000
0.000000000000
0.000000000000
0.000000000000
0.000000000000
0.000000000000
0.000000000000
0.000000000000
0.000000000000
0.000000000000
0.000000000000
0.000000000000
0.000000000000
0.000000000000
0.000000000000
0.000000000000
0.000000000000
0.000000000000
0.000000000000
0.000000000000
0.000000000000
0.000000000000
0.000000000000
0.000000000000
0.000000000000
0.000000000000
0.000000000000
0.000000000000
0.000000000000
0.000000000000
0.000000000000
0.000000000000
0.000000000000
0.000000000000
0.000000000000
0.000000000000
0.000000000000
0.000000000000
0.000000000000
0.000000000000
0.000000000000
0.000000000000
0.000000000000
0.000000000000
0.000000000000
0.000000000000
0.000000000000
0.000000000000
0.000000000000
0.000000000000
0.000000000000
0.000000000000
0.000000000000
0.000000000000
0.000000000000
0.000000000000
0.000000000000
0.000000000000
0.000000000000
0.000000000000
0.000000000000
0.000000000000
0.000000000000
0.000000000000
0.000000000000
0.000000000000
0.000000000000
0.000000000000
0.000000000000
0.000000000000
0.000000000000
0.000000000000
0.000000000000
0.000000000000
0.000000000000
0.000000000000
0.000000000000
0.000000000000
0.000000000000
0.000000000000
0.000000000000
0.000000000000
0.000000000000
0.000000000000
0.000000000000
0.000000000000
0.000000000000
0.000000000000
0.000000000000
0.000000000000
0.000000000000
0.000000000000
0.000000000000
0.000000000000
0.000000000000
0.000000000000
0.000000000000
0.000000000000
0.000000000000
0.000000000000
0.000000000000
0.000000000000
0.000000000000
0.000000000000
0.000000000000
0.000000000000
0.000000000000
0.000000000000
0.000000000000
0.000000000000
0.000000000000
0.000000000000
0.000000000000
0.000000000000
0.000000000000
0.000000000000
0.000000000000
0.000000000000
0.000000000000
0.000000000000
0.000000000000
0.000000000000
0.000000000000
0.000000000000
0.000000000000
0.000000000000
0.000000000000
0.000000000000
0.000000000000
0.000000000000
0.000000000000
0.000000000000
0.000000000000
0.000000000000
0.000000000000
0.000000000000
0.000000000000
0.000000000000
0.000000000000
0.000000000000
0.000000000000
0.000000000000
0.000000000000
0.000000000000
0.000000000000
0.000000000000
0.000000000000
0.000000000000
0.000000000000
0.000000000000
0.000000000000
0.000000000000
0.000000000000
0.000000000000
0.000000000000
0.000000000000
0.000000000000
0.000000000000
0.000000000000
0.000000000000
0.000000000000
0.000000000000
0.000000000000
0.000000000000
0.000000000000
0.000000000000
0.000000000000
0.000000000000
0.000000000000
0.000000000000
0.000000000000
0.000000000000
0.000000000000
0.000000000000
0.000000000000
0.000000000000
0.000000000000
0.000000000000
0.000000000000
0.000000000000
0.000000000000
0.000000000000
0.000000000000
0.000000000000
0.000000000000
0.000000000000
0.000000000000
0.000000000000
0.000000000000
0.000000000000
0.000000000000
0.000000000000
0.000000000000
0.000000000000
0.000000000000
0.000000000000
0.000000000000
0.000000000000
0.000000000000
0.000000000000
0.000000000000
0.000000000000
0.000000000000
0.000000000000
0.000000000000
0.000000000000
0.000000000000
0.000000000000
0.000000000000
0.000000000000
0.000000000000
0.000000000000
0.000000000000
0.000000000000
0.000000000000
0.000000000000
0.000000000000
0.000000000000
0.000000000000
0.000000000000
0.000000000000
0.000000000000
0.000000000000
0.000000000000
0.000000000000
0.000000000000
0.000000000000
0.000000000000
0.000000000000
0.000000000000
0.000000000000
0.000000000000
0.000000000000
0.000000000000
0.000000000000
0.000000000000
0.000000000000
0.000000000000
0.000000000000
0.000000000000
0.000000000000
0.000000000000
0.000000000000
0.000000000000
0.000000000000
0.000000000000
0.000000000000
0.000000000000
0.000000000000
0.000000000000
0.000000000000
0.000000000000
0.000000000000
0.000000000000
0.000000000000
0.000000000000
0.000000000000
0.000000000000
0.000000000000
0.000000000000
0.000000000000
0.000000000000
0.000000000000
0.000000000000
0.000000000000
0.000000000000
0.000000000000
0.000000000000
0.000000000000
0.000000000000
0.000000000000
0.000000000000
0.000000000000
0.000000000000
0.000000000000
0.000000000000
0.000000000000
0.000000000000
0.000000000000
0.000000000000
0.000000000000
0.000000000000
0.000000000000
0.000000000000
0.000000000000
0.000000000000
0.000000000000
0.000000000000
0.000000000000
0.000000000000
0.000000000000
0.000000000000
0.000000000000
0.000000000000
0.000000000000
0.000000000000
0.000000000000
0.000000000000
0.000000000000
0.000000000000
0.000000000000
0.000000000000
0.000000000000
0.000000000000
0.000000000000
0.000000000000
0.000000000000
0.000000000000
0.000000000000
0.000000000000
0.000000000000
0.000000000000
0.000000000000
0.000000000000
0.000000000000
0.000000000000
0.000000000000
0.000000000000
0.000000000000
0.000000000000
0.000000000000
0.000000000000
0.000000000000
0.000000000000
0.000000000000
0.000000000000
0.000000000000
0.000000000000
0.000000000000
0.000000000000
0.000000000000
0.000000000000
0.000000000000
0.000000000000
0.000000000000
0.000000000000
0.000000000000
0.000000000000
0.000000000000
0.000000000000
0.000000000000
0.000000000000
0.000000000000
0.000000000000
0.000000000000
0.000000000000
0.000000000000
0.000000000000
0.000000000000
0.000000000000
0.000000000000
0.000000000000
0.000000000000
0.000000000000
0.000000000000
0.000000000000
0.000000000000
0.000000000000
0.000000000000
0.000000000000
0.000000000000
0.000000000000
0.000000000000
0.000000000000
0.000000000000
0.000000000000
0.000000000000
0.000000000000
0.000000000000
0.000000000000
0.000000000000
0.000000000000
0.000000000000
0.000000000000
0.000000000000
0.000000000000
0.000000000000
0.000000000000
0.000000000000
0.000000000000
0.000000000000
0.000000000000
0.000000000000
0.000000000000
0.000000000000
0.000000000000
0.000000000000
0.000000000000
0.000000000000
0.000000000000
0.000000000000
0.000000000000
0.000000000000
0.000000000000
0.000000000000
0.000000000000
0.000000000000
0.000000000000
0.000000000000
0.000000000000
0.000000000000
0.000000000000
0.000000000000
0.000000000000
0.000000000000
0.000000000000
0.000000000000
0.000000000000
0.000000000000
0.000000000000
0.000000000000
0.000000000000
0.000000000000
0.000000000000
0.000000000000
0.000000000000
0.000000000000
0.000000000000
0.000000000000
0.000000000000
0.000000000000
0.000000000000
0.000000000000
0.000000000000
0.000000000000
0.000000000000
0.000000000000
0.000000000000
0.000000000000
0.000000000000
