0.000084810290
0.000088683380
0.000088988690
0.000084995840
0.000077257540
0.000070888480
0.000072608690
0.000072948370
0.000067464030
0.000057196170
0.000031013710
0.000053354760
0.000102108200
0.000142802800
0.000149245000
0.000089762770
0.000016071570
-0.000042717370
-0.000138955600
-0.000225982900
-0.000271042300
-0.000267902000
-0.000144459500
0.000137497000
0.000404840700
0.000476711300
0.000294190500
0.000163183300
0.000241285300
0.000443790300
0.000577938500
0.000479135000
0.000289484400
0.000090051020
-0.000028918010
0.000109245000
0.000671580900
0.001171567000
0.000988020000
0.000673479300
0.000850730800
0.000608423900
-0.000573897900
-0.001744775000
-0.002009676000
-0.001403631000
-0.000307005700
-0.000097631550
-0.001148169000
-0.000710653200
0.001067820000
0.002443861000
0.002279115000
0.000251854900
-0.002852828000
-0.004705137000
-0.004795327000
-0.004684505000
-0.004416593000
-0.003368588000
-0.001788096000
-0.001003151000
-0.001446042000
-0.001522552000
-0.001559857000
-0.004463048000
-0.006542291000
-0.003300179000
0.003326658000
0.007689666000
0.006845672000
0.003854108000
0.002240679000
0.000834491700
-0.002070022000
-0.003560793000
-0.000482324700
0.003697894000
0.004117325000
0.001197323000
0.000463320500
0.001305079000
-0.001423665000
-0.007469503000
-0.013855250000
-0.016961840000
-0.014669500000
-0.006663998000
0.005824202000
0.012543140000
0.007066138000
-0.001453259000
-0.001850525000
0.007267353000
0.020041530000
0.027769100000
0.024875900000
0.015483470000
0.006443106000
-0.000879221400
-0.010312530000
-0.022399560000
-0.027668130000
-0.017728560000
0.000932774100
0.012842500000
0.016117460000
0.018366320000
0.022937430000
0.028929850000
0.033445990000
0.032921220000
0.029045740000
0.025153840000
0.019058920000
0.004892336000
-0.013929270000
-0.025875200000
-0.028730150000
-0.023813950000
-0.016066750000
-0.013746100000
-0.020604230000
-0.029068480000
-0.028130470000
-0.016635310000
0.003335521000
0.021474630000
0.025863100000
0.018349900000
0.013180560000
0.012972990000
0.012547520000
0.011199990000
0.010485580000
0.008342019000
-0.001194903000
-0.019483290000
-0.032286580000
-0.032165890000
-0.023001410000
-0.011368990000
-0.008000617000
-0.017845060000
-0.032942690000
-0.036590390000
-0.020566540000
0.003388729000
0.016494860000
0.018596580000
0.020014530000
0.027890110000
0.038588120000
0.043033980000
0.039363350000
0.030360880000
0.021428460000
0.018998720000
0.018725260000
0.013812740000
0.009336264000
0.016100710000
0.026501090000
0.025755060000
0.015701850000
0.008089011000
0.008862024000
0.012221560000
0.007234203000
-0.007368291000
-0.024763130000
-0.032442860000
-0.023692130000
-0.009647935000
-0.006393999000
-0.016187470000
-0.027317860000
-0.031844980000
-0.028151830000
-0.020859260000
-0.016566090000
-0.011965770000
-0.001261936000
0.014086540000
0.025881160000
0.029182840000
0.021122920000
0.003909459000
-0.009488835000
-0.010075650000
0.000211601700
0.014112210000
0.028018820000
0.040345120000
0.047002270000
0.039878990000
0.012991680000
-0.017040760000
-0.026066060000
-0.017066400000
-0.005314377000
-0.000984494400
-0.008914084000
-0.020968570000
-0.027455760000
-0.026317680000
-0.020295200000
-0.012312760000
-0.006372458000
-0.004748951000
-0.008170563000
-0.016864160000
-0.023462220000
-0.026615040000
-0.031178980000
-0.034665360000
-0.029332240000
-0.009463342000
0.021419330000
0.040922650000
0.045746740000
0.044814370000
0.043995060000
0.043873130000
0.037535030000
0.024535900000
0.010279800000
-0.000515144100
-0.008047639000
-0.014509250000
-0.020488970000
-0.028326770000
-0.036478010000
-0.038998310000
-0.032875690000
-0.025126610000
-0.019761030000
-0.012944460000
-0.005634654000
-0.003564027000
-0.007000343000
-0.005175478000
0.003255265000
0.008605741000
0.011173570000
0.015847120000
0.022616860000
0.024767030000
0.020156900000
0.012559100000
0.007095238000
0.004493766000
0.004925980000
0.009959110000
0.017379730000
0.022865860000
0.023625610000
0.020212830000
0.016919130000
0.013548430000
0.011033730000
0.007194223000
0.002036579000
-0.008072869000
-0.021089640000
-0.033701060000
-0.045692870000
-0.054051110000
-0.052955890000
-0.043702020000
-0.031481460000
-0.019811590000
-0.010017490000
-0.004647861000
-0.002852612000
-0.006545306000
-0.015159420000
-0.021359340000
-0.019725380000
-0.014023040000
-0.009888135000
-0.007630120000
-0.004081839000
0.002048773000
0.009057011000
0.017620190000
0.027486830000
0.036208940000
0.044358570000
0.040961620000
0.028414200000
0.019309090000
0.020051130000
0.024516130000
0.023683740000
0.016703140000
0.011953780000
0.016234980000
0.022488880000
0.021799890000
0.013333290000
-0.000300077900
-0.016630220000
-0.029620800000
-0.036232080000
-0.036046020000
-0.034207490000
-0.038458840000
-0.042405870000
-0.036261400000
-0.023865520000
-0.013750280000
-0.008969297000
-0.005742724000
-0.001845907000
0.005020911000
0.011658160000
0.013793450000
0.008843957000
0.000748900300
-0.004640539000
-0.007360803000
-0.008879489000
-0.009170471000
-0.007253483000
-0.004389786000
-0.002942892000
-0.006402476000
-0.015746380000
-0.024246460000
-0.026094060000
-0.022775020000
-0.017092390000
-0.011463050000
-0.012972240000
-0.013439320000
0.001280347000
0.021130050000
0.033853660000
0.038755480000
0.036628640000
0.031476010000
0.027096200000
0.025949750000
0.029310760000
0.033996890000
0.035667550000
0.032505720000
0.026301280000
0.018808330000
0.009462703000
0.000329549500
-0.007292578000
-0.011786950000
-0.008764269000
-0.009072233000
-0.017579180000
-0.018576730000
-0.019454480000
-0.029976940000
-0.045366360000
-0.055248290000
-0.051927550000
-0.043630150000
-0.047046210000
-0.056748780000
-0.058195090000
-0.049494920000
-0.039554910000
-0.034431800000
-0.036245340000
-0.039807520000
-0.034653630000
-0.021311990000
-0.007950649000
0.002818484000
0.007916763000
0.006043152000
0.000964831200
-0.005285826000
-0.012115360000
-0.014801630000
-0.008710176000
0.004150802000
0.016569180000
0.025412650000
0.029023840000
0.025391950000
0.016266420000
0.001092360000
-0.023716530000
-0.048994270000
-0.063028150000
-0.065887370000
-0.060926060000
-0.054701290000
-0.056737640000
-0.061940270000
-0.060427900000
-0.054920150000
-0.049882760000
-0.043267120000
-0.031588200000
-0.010930600000
0.013229090000
0.028279270000
0.033530160000
0.038718500000
0.043320400000
0.046299560000
0.050359860000
0.052805740000
0.060593660000
0.063584420000
0.059561950000
0.069868740000
0.080032500000
0.073887740000
0.058438000000
0.039190800000
0.018784610000
-0.002727819000
-0.023280280000
-0.038081690000
-0.050293890000
-0.063437700000
-0.073700370000
-0.075429390000
-0.075302570000
-0.070579770000
-0.061915980000
-0.051603850000
-0.040193150000
-0.024355520000
0.005673390000
0.049686800000
0.105918300000
0.166412600000
0.202550500000
0.201893100000
0.184287600000
0.171244900000
0.171095200000
0.185975200000
0.202160100000
0.202368700000
0.189706000000
0.170469500000
0.138316100000
0.092165980000
0.038584930000
-0.016016590000
-0.065703800000
-0.122041500000
-0.207490100000
-0.293248000000
-0.316454700000
-0.293007000000
-0.273155400000
-0.286459400000
-0.295436700000
-0.275774000000
-0.237381000000
-0.174563400000
-0.103608900000
-0.054065010000
-0.021079240000
0.011943530000
0.048151630000
0.077171270000
0.092716100000
0.094791980000
0.091707360000
0.094874640000
0.103071800000
0.110642000000
0.115167500000
0.111550600000
0.099930640000
0.089235880000
0.083934030000
0.082614780000
0.076933050000
0.064586860000
0.051194910000
0.041652690000
0.043734430000
0.038709300000
0.024325600000
0.013201140000
0.003744388000
0.006500520000
0.018811790000
0.029495380000
0.035266020000
0.033535790000
0.032391450000
0.040536220000
0.051855930000
0.060045400000
0.064507910000
0.064509040000
0.059005520000
0.048344810000
0.031412530000
0.014368200000
0.001792286000
-0.005454501000
-0.010094220000
-0.013758280000
-0.014609790000
-0.007930068000
0.006645642000
0.028229620000
0.054288340000
0.076423150000
0.088702250000
0.092383830000
0.090816160000
0.086734620000
0.078778930000
0.066129500000
0.049238230000
0.021266480000
-0.017577240000
-0.062432450000
-0.102128200000
-0.130522500000
-0.146877100000
-0.154660200000
-0.155242900000
-0.141363200000
-0.102413800000
-0.047603960000
-0.011213270000
0.010080470000
0.023441700000
0.033313170000
0.034278550000
0.024310620000
0.019114000000
0.016872580000
0.004537139000
-0.022251970000
-0.061762250000
-0.085220340000
-0.090217230000
-0.095888920000
-0.100784900000
-0.096688010000
-0.084183170000
-0.064103910000
-0.024662150000
0.022628890000
0.047117440000
0.056586330000
0.067698270000
0.081386460000
0.093771600000
0.099578460000
0.091869780000
0.068420980000
0.034894520000
0.001023442000
-0.031514020000
-0.065038270000
-0.095489320000
-0.112439200000
-0.112570900000
-0.098710550000
-0.075026300000
-0.049214260000
-0.024162600000
-0.007127676000
0.000135744600
-0.001660395000
-0.009859000000
-0.015422350000
-0.015539290000
-0.013394910000
-0.008424082000
0.002532965000
0.018384490000
0.027693430000
0.020565010000
0.006504474000
-0.001904895000
-0.014450050000
-0.037224190000
-0.050440930000
-0.039730620000
-0.012680760000
0.021034320000
0.054666200000
0.085307660000
0.118265200000
0.144769700000
0.154503100000
0.148309900000
0.125720000000
0.088447620000
0.047660740000
0.012372120000
-0.016715940000
-0.047595030000
-0.081740540000
-0.109149700000
-0.120954800000
-0.120025600000
-0.112931800000
-0.104485600000
-0.096771110000
-0.085947050000
-0.060041790000
-0.025154650000
-0.003759357000
-0.000471504300
-0.009444368000
-0.018279690000
-0.018154730000
-0.016202760000
-0.026564490000
-0.053643800000
-0.079503750000
-0.086699920000
-0.078806100000
-0.058510440000
-0.024991160000
0.005723357000
0.024166790000
0.044678250000
0.078356080000
0.116735600000
0.147210500000
0.171868200000
0.189014100000
0.184558800000
0.156494000000
0.110937600000
0.050331770000
-0.009581138000
-0.054735910000
-0.084612110000
-0.110912900000
-0.135046900000
-0.148426900000
-0.146632200000
-0.132845100000
-0.115389700000
-0.101013300000
-0.085437650000
-0.063784310000
-0.038122640000
-0.013054320000
0.005165636000
0.016309540000
0.029471840000
0.042937240000
0.048122770000
0.044498560000
0.040520600000
0.039067840000
0.033354690000
0.014824370000
-0.014968610000
-0.046072190000
-0.069944480000
-0.078067450000
-0.071780990000
-0.052798960000
-0.030647610000
-0.014464250000
0.008879400000
0.046479440000
0.084880840000
0.105029600000
0.108955000000
0.107985800000
0.103189200000
0.093125740000
0.075500100000
0.055023840000
0.031489010000
-0.004103954000
-0.045543830000
-0.068946250000
-0.074435960000
-0.076150690000
-0.079549760000
-0.083876290000
-0.088617180000
-0.091610340000
-0.087176770000
-0.067960870000
-0.031167160000
0.008776748000
0.041589490000
0.064622570000
0.079706710000
0.085489850000
0.086853690000
0.089926500000
0.095489530000
0.100939300000
0.104721900000
0.106592300000
0.102186900000
0.081897040000
0.050973170000
0.028715990000
0.020740080000
0.020217600000
0.022426570000
0.026883600000
0.032832520000
0.038824710000
0.044437450000
0.048654190000
0.049558890000
0.046716730000
0.034846250000
0.013217480000
-0.011071670000
-0.035356240000
-0.060995300000
-0.088196520000
-0.113183300000
-0.136094900000
-0.158770000000
-0.172945700000
-0.169561100000
-0.144982700000
-0.098480590000
-0.045420350000
0.003790974000
0.042311560000
0.073588160000
0.097373330000
0.110131000000
0.116773600000
0.118674500000
0.112563900000
0.096842900000
0.071579130000
0.037656130000
0.004754634000
-0.017739700000
-0.022967660000
-0.013753860000
0.000746326300
0.009467589000
0.010652660000
0.005280866000
-0.008255249000
-0.025491600000
-0.041145030000
-0.057232600000
-0.071603530000
-0.083101920000
-0.094800490000
-0.102652700000
-0.094086300000
-0.054510940000
0.011889700000
0.073689290000
0.109247200000
0.118665900000
0.107375400000
0.080478470000
0.035847600000
-0.014282970000
-0.045788630000
-0.054686900000
-0.052706910000
-0.044136870000
-0.025850950000
-0.003926745000
0.009890702000
0.016215690000
0.020362080000
0.025860240000
0.039333840000
0.062672970000
0.087338670000
0.099116510000
0.091544830000
0.056622190000
0.002181554000
-0.045041810000
-0.074245540000
-0.089600900000
-0.095738250000
-0.093146130000
-0.069105170000
-0.025432860000
0.004357728000
0.033134990000
0.072638050000
0.101531300000
0.111247700000
0.109010800000
0.100759200000
0.087404500000
0.071921310000
0.049861230000
0.014136360000
-0.027192380000
-0.065876860000
-0.107619900000
-0.148852100000
-0.174614300000
-0.187999300000
-0.195324500000
-0.193006000000
-0.173880300000
-0.133991800000
-0.077503380000
-0.023588130000
0.024034300000
0.075508550000
0.129388900000
0.175260000000
0.204135800000
0.216137700000
0.195098000000
0.146007300000
0.105967800000
0.075557760000
0.025685930000
-0.025555450000
-0.055161780000
-0.079107310000
-0.118986700000
-0.166006100000
-0.191826300000
-0.188086500000
-0.173529600000
-0.144739200000
-0.090658530000
-0.025603580000
0.026884200000
0.067523730000
0.109178500000
0.149217500000
0.183973400000
0.203375200000
0.206750900000
0.195833200000
0.157873500000
0.088018830000
0.020370680000
-0.027678450000
-0.050193600000
-0.051861420000
-0.042724040000
-0.036740290000
-0.046211670000
-0.062261410000
-0.057143170000
-0.015417600000
0.044875180000
0.085137910000
0.100445400000
0.100033400000
0.079846240000
0.036238340000
-0.021003330000
-0.069739480000
-0.108158300000
-0.145384300000
-0.171254300000
-0.179459300000
-0.176858300000
-0.168719900000
-0.146843900000
-0.104901700000
-0.061179080000
-0.022899750000
0.026630250000
0.086554970000
0.143915000000
0.197674700000
0.241103000000
0.244907200000
0.188060300000
0.114150900000
0.055395840000
-0.005078280000
-0.065346820000
-0.107843500000
-0.145671600000
-0.187944700000
-0.200531700000
-0.168059300000
-0.118866900000
-0.071806320000
-0.015763040000
0.045184560000
0.079687270000
0.095836240000
0.111176400000
0.118417900000
0.106790300000
0.070738110000
0.020126340000
-0.025471200000
-0.062650200000
-0.110259900000
-0.161975700000
-0.197800400000
-0.210797400000
-0.197205600000
-0.143729900000
-0.056750910000
0.041832110000
0.108290700000
0.153265700000
0.192105800000
0.211927900000
0.215511200000
0.204476500000
0.166509700000
0.098003670000
0.010488420000
-0.070428000000
-0.127090300000
-0.168037700000
-0.199149900000
-0.216511400000
-0.224285700000
-0.225711100000
-0.208623100000
-0.160302100000
-0.078136650000
0.000447276000
0.053805580000
0.097343230000
0.138930900000
0.170964600000
0.186818600000
0.185660500000
0.159103100000
0.100629500000
0.006990903000
-0.065764460000
-0.095835970000
-0.121701700000
-0.156776700000
-0.178311700000
-0.180218900000
-0.169898500000
-0.140359800000
-0.094398860000
-0.045501320000
-0.005313673000
0.032770970000
0.096202190000
0.185057700000
0.253303200000
0.284639300000
0.309739100000
0.335837200000
0.326874900000
0.260122000000
0.201224600000
0.212319100000
0.262464400000
0.284800600000
0.283814900000
0.285836300000
0.284629100000
0.271100300000
0.233184300000
0.167822100000
0.077657370000
0.004237173000
-0.037661160000
-0.075405160000
-0.139512100000
-0.233106300000
-0.323936400000
-0.386315100000
-0.428332300000
-0.460504800000
-0.451903100000
-0.406827200000
-0.374782700000
-0.356560500000
-0.295763700000
-0.174458300000
-0.067989660000
-0.011795050000
0.047085730000
0.134090200000
0.217561600000
0.272089200000
0.302270600000
0.280023100000
0.183318200000
0.044533010000
-0.030573870000
-0.059514680000
-0.125535200000
-0.200980200000
-0.241731000000
-0.261451600000
-0.275213100000
-0.271483900000
-0.238840100000
-0.179031200000
-0.108007600000
-0.046793170000
-0.000579076500
0.042271900000
0.086884470000
0.135598500000
0.183250000000
0.218252200000
0.240763600000
0.251676200000
0.254512100000
0.251735500000
0.230445000000
0.181700200000
0.118252900000
0.061004060000
0.020226890000
-0.013077910000
-0.040795040000
-0.062921290000
-0.074199000000
-0.077720260000
-0.083016190000
-0.095792110000
-0.116250000000
-0.131069900000
-0.140870400000
-0.150908600000
-0.158720700000
-0.159538000000
-0.155464300000
-0.154300000000
-0.143278800000
-0.109362700000
-0.068883040000
-0.032050020000
0.007324334000
0.047289400000
0.077806980000
0.103769600000
0.129303900000
0.152620900000
0.169442600000
0.177141500000
0.175424500000
0.149003200000
0.093338150000
0.037673070000
-0.004962338000
-0.044326720000
-0.085879210000
-0.125181500000
-0.157203800000
-0.179966000000
-0.197266000000
-0.207780100000
-0.204465500000
-0.181649700000
-0.145704300000
-0.103621300000
-0.062257120000
-0.024083950000
0.008788321000
0.042808100000
0.077998380000
0.113425800000
0.148592300000
0.172555000000
0.178803200000
0.166869000000
0.150979600000
0.134162800000
0.112975600000
0.089582230000
0.065538340000
0.040630370000
0.021259750000
0.011017720000
0.005953770000
-0.000483008100
-0.007008404000
-0.009410854000
-0.009295842000
-0.010444060000
-0.015374380000
-0.024036310000
-0.034267720000
-0.043535230000
-0.052225760000
-0.060436070000
-0.063760140000
-0.056654000000
-0.036096890000
-0.010256610000
0.014203570000
0.037945030000
0.060300250000
0.074786860000
0.073913410000
0.062289930000
0.050210470000
0.041495390000
0.033045540000
0.022075210000
0.008260239000
-0.006113395000
-0.019411290000
-0.029782730000
-0.036735820000
-0.040451250000
-0.040802330000
-0.038417390000
-0.034158230000
-0.030023840000
-0.026561570000
-0.023802260000
-0.018563470000
-0.004352169000
0.018013430000
0.039474240000
0.059825860000
0.082836040000
0.105642600000
0.121577300000
0.130450700000
0.135283900000
0.136368000000
0.130650000000
0.113504900000
0.080077490000
0.042865990000
0.009499997000
-0.018662620000
-0.045143560000
-0.071873290000
-0.094512280000
-0.109920100000
-0.120625500000
-0.130109200000
-0.138897300000
-0.145644300000
-0.148153300000
-0.145282600000
-0.132972300000
-0.104064000000
-0.057263940000
-0.009101193000
0.034576190000
0.071643310000
0.110150300000
0.147334500000
0.170856700000
0.178858600000
0.175380400000
0.160933400000
0.132827400000
0.095065850000
0.049966100000
0.010276080000
-0.021370230000
-0.048645350000
-0.071103980000
-0.087710830000
-0.097463380000
-0.101697000000
-0.102384700000
-0.096384640000
-0.081778950000
-0.065281440000
-0.050115500000
-0.035649840000
-0.025728300000
-0.020726870000
-0.015071700000
-0.005289008000
0.005483732000
0.013350480000
0.014964300000
0.010309660000
0.001839024000
-0.004634108000
-0.004972468000
0.000237065900
0.009529395000
0.020553340000
0.033812080000
0.047523240000
0.056847160000
0.059177130000
0.053172600000
0.036962660000
0.015734600000
0.000225493800
-0.006831259000
-0.011166720000
-0.016464750000
-0.020865910000
-0.024157920000
-0.026764230000
-0.027440130000
-0.025766060000
-0.024722390000
-0.023905050000
-0.022220670000
-0.021200870000
-0.020224210000
-0.017140160000
-0.013923040000
-0.010825850000
-0.007335947000
-0.004639426000
-0.004521043000
-0.008267095000
-0.015621900000
-0.024411720000
-0.033072340000
-0.038957720000
-0.037580870000
-0.027656450000
-0.008244974000
0.016311250000
0.041013890000
0.064091830000
0.081881630000
0.091209120000
0.094660080000
0.094638850000
0.090391540000
0.077365260000
0.055882260000
0.033953770000
0.013617770000
-0.006148638000
-0.024372470000
-0.041494860000
-0.055025190000
-0.063231310000
-0.067420540000
-0.068125130000
-0.066574820000
-0.064176560000
-0.059103090000
-0.048437500000
-0.030020660000
-0.008019985000
0.009038899000
0.019496300000
0.026726230000
0.030618260000
0.031316120000
0.029696260000
0.024175850000
0.013200340000
-0.000613026200
-0.012475860000
-0.022509980000
-0.028827440000
-0.029890650000
-0.029919580000
-0.031277020000
-0.033357500000
-0.038214980000
-0.046801560000
-0.057202850000
-0.065676820000
-0.071072360000
-0.074658580000
-0.075927750000
-0.075624180000
-0.073309380000
-0.066473720000
-0.053477750000
-0.034421890000
-0.012840320000
0.007810519000
0.028223680000
0.049255510000
0.068925600000
0.083768420000
0.092422170000
0.095811630000
0.094084390000
0.085903620000
0.070535100000
0.051461640000
0.032472030000
0.014806650000
0.001351683000
-0.008127103000
-0.015643420000
-0.020831260000
-0.024772840000
-0.028257450000
-0.030807030000
-0.033137420000
-0.035565800000
-0.037279000000
-0.037634700000
-0.038417440000
-0.040344400000
-0.041956410000
-0.042114170000
-0.040159650000
-0.034574940000
-0.026472860000
-0.018237800000
-0.010787160000
-0.001907234000
0.007204027000
0.014481750000
0.020255180000
0.024689250000
0.028143060000
0.029974690000
0.029260110000
0.027278090000
0.026993440000
0.029783080000
0.035013300000
0.043103630000
0.051705500000
0.057999050000
0.061336410000
0.062524430000
0.060639510000
0.055359990000
0.048212580000
0.039145000000
0.030805170000
0.022877670000
0.012980630000
0.000922909000
-0.009878350000
-0.016084800000
-0.017516650000
-0.015240480000
-0.009065900000
0.001291871000
0.013612580000
0.022043120000
0.023385230000
0.020432080000
0.016264630000
0.012562560000
0.010223220000
0.008590170000
0.006846193000
0.001478048000
-0.008809380000
-0.022679490000
-0.039079140000
-0.053681590000
-0.065207150000
-0.073586900000
-0.076568840000
-0.073323280000
-0.063866190000
-0.050580220000
-0.035734340000
-0.017404180000
0.002048190000
0.020600470000
0.037412270000
0.050014780000
0.055725360000
0.057615790000
0.057496910000
0.053373290000
0.045884680000
0.038051410000
0.031574100000
0.024268510000
0.014977850000
0.004910764000
-0.004132958000
-0.013373940000
-0.022473790000
-0.027824630000
-0.028130370000
-0.022408360000
-0.012675950000
0.001030194000
0.016963890000
0.031343430000
0.040139640000
0.044135060000
0.044719680000
0.042339800000
0.037042370000
0.029104170000
0.019668840000
0.008069419000
-0.005532032000
-0.017956550000
-0.027698580000
-0.033282150000
-0.034345640000
-0.032492510000
-0.028937980000
-0.023750040000
-0.016992580000
-0.011372770000
-0.008105892000
-0.006437219000
-0.006363728000
-0.006989824000
-0.008332150000
-0.009728967000
-0.011043180000
-0.012316220000
-0.012946590000
-0.010528150000
-0.004770475000
0.003259035000
0.011136520000
0.018577160000
0.025112350000
0.029014610000
0.030978750000
0.031991590000
0.032974790000
0.034536030000
0.036217890000
0.036174640000
0.031681870000
0.022301540000
0.011693600000
0.004996365000
0.001583741000
-0.000498995600
-0.001757564000
-0.001102305000
0.001064616000
0.003304579000
0.004300821000
0.002476806000
-0.000980895900
-0.006248406000
-0.012859370000
-0.019460330000
-0.025629960000
-0.031621990000
-0.036804590000
-0.039387920000
-0.038944440000
-0.036111220000
-0.030376410000
-0.024669380000
-0.019311690000
-0.014877750000
-0.010978920000
-0.007006934000
-0.002212395000
0.002306938000
0.005022634000
0.005295297000
0.003873165000
0.000103752300
-0.005518431000
-0.011134820000
-0.015148290000
-0.017519230000
-0.017425070000
-0.014780520000
-0.011163210000
-0.008136305000
-0.006457716000
-0.006113008000
-0.004942423000
-0.003457399000
-0.001234115000
0.001527155000
0.003831563000
0.006386716000
0.010063730000
0.014341310000
0.016912070000
0.016669020000
0.014937820000
0.013153980000
0.011991530000
0.010577530000
0.007435787000
0.002959447000
-0.002286971000
-0.007963042000
-0.013291290000
-0.018423120000
-0.023934370000
-0.029073750000
-0.032400010000
-0.033429270000
-0.030462350000
-0.024033280000
-0.013546150000
-0.000791590700
0.010219060000
0.020189670000
0.029063770000
0.034709140000
0.036804100000
0.035752330000
0.030478620000
0.020208990000
0.005340336000
-0.008857415000
-0.018698190000
-0.026662160000
-0.033904910000
-0.038486510000
-0.038909400000
-0.035431240000
-0.029214860000
-0.021563940000
-0.012190120000
-0.001196500000
0.010703130000
0.022894700000
0.031993520000
0.035801500000
0.036625120000
0.036172130000
0.034168270000
0.031372930000
0.028773370000
0.027082020000
0.026186730000
0.025621510000
0.023492100000
0.020299880000
0.016981420000
0.012963410000
0.009350913000
0.007165374000
0.006752226000
0.007711723000
0.009786451000
0.012073150000
0.012257530000
0.009466426000
0.003465292000
-0.005946637000
-0.016192440000
-0.025915680000
-0.034807040000
-0.041771810000
-0.046323980000
-0.047844840000
-0.047578290000
-0.047477990000
-0.047773730000
-0.048940540000
-0.049602420000
-0.047127520000
-0.039986860000
-0.028648720000
-0.012807080000
0.005129914000
0.022025910000
0.035811380000
0.045472730000
0.050055480000
0.050457390000
0.048950740000
0.046172940000
0.041638230000
0.035431210000
0.028065700000
0.018932270000
0.007808157000
-0.002269352000
-0.009431671000
-0.013720620000
-0.015858160000
-0.016230410000
-0.015216950000
-0.013242340000
-0.009518805000
-0.004336260000
0.001072551000
0.006804473000
0.011298000000
0.012786870000
0.011577670000
0.006790322000
-0.001094516000
-0.009300928000
-0.014965920000
-0.017678060000
-0.020019420000
-0.022071570000
-0.022634730000
-0.022143660000
-0.021406610000
-0.019142820000
-0.015074770000
-0.008803145000
0.000303970500
0.009826938000
0.016377670000
0.019671860000
0.020324770000
0.019044380000
0.016464400000
0.012213570000
0.006872401000
0.000990080000
-0.006349569000
-0.014811770000
-0.023112720000
-0.031135350000
-0.037536010000
-0.040681950000
-0.040525290000
-0.038301600000
-0.034226920000
-0.027869920000
-0.021445130000
-0.016479300000
-0.011796280000
-0.006218919000
-0.000833236300
0.003187091000
0.006260308000
0.010334800000
0.015172330000
0.020510400000
0.026487230000
0.031390410000
0.034863640000
0.037009950000
0.037789740000
0.036727170000
0.034060140000
0.029861520000
0.024595410000
0.018942400000
0.012934500000
0.007517303000
0.002093699000
-0.003544872000
-0.008410845000
-0.013846160000
-0.021091340000
-0.029571200000
-0.037309300000
-0.043219000000
-0.046680340000
-0.047145480000
-0.044574640000
-0.039828860000
-0.031796000000
-0.021694830000
-0.010538360000
-0.000090192890
0.011420600000
0.023118820000
0.031533860000
0.036005370000
0.037473950000
0.037319500000
0.035882810000
0.032630570000
0.028208520000
0.023365980000
0.018611550000
0.014384230000
0.010222150000
0.004858280000
-0.001526437000
-0.005565263000
-0.006386735000
-0.005153375000
-0.003426911000
-0.002520612000
-0.004143532000
-0.007403924000
-0.010996130000
-0.014043970000
-0.014989760000
-0.013304540000
-0.010698620000
-0.008045892000
-0.005993937000
-0.002744833000
0.002459343000
0.008503117000
0.013994230000
0.017316330000
0.018281310000
0.017115310000
0.011804970000
0.003266346000
-0.005379057000
-0.014286890000
-0.023132210000
-0.029274620000
-0.030622530000
-0.027075050000
-0.017961360000
-0.005383486000
0.006699414000
0.016938200000
0.027148000000
0.035688270000
0.040925550000
0.043267830000
0.041801050000
0.035474920000
0.025980930000
0.013159890000
0.000274604200
-0.009230918000
-0.016530440000
-0.021687370000
-0.023841040000
-0.022092990000
-0.016878430000
-0.009512790000
-0.001146173000
0.007222812000
0.012835340000
0.014691530000
0.013701680000
0.012038290000
0.010488580000
0.008935469000
0.006831209000
0.004418116000
0.002209474000
0.000149289100
-0.000977910200
0.000185489400
0.003155065000
0.007779246000
0.015060650000
0.022629330000
0.028189210000
0.031392160000
0.031380290000
0.028852340000
0.024497390000
0.017402310000
0.008417015000
-0.001322425000
-0.009956567000
-0.014582310000
-0.015341300000
-0.015276890000
-0.015274730000
-0.015530590000
-0.016375340000
-0.017174880000
-0.017383510000
-0.017087800000
-0.014576810000
-0.008549710000
0.000265615600
0.008707009000
0.015063530000
0.019031490000
0.020790340000
0.021836960000
0.022541670000
0.023711420000
0.024405120000
0.024196670000
0.022832930000
0.019985320000
0.015614860000
0.010651060000
0.005835413000
0.001019920000
-0.003371181000
-0.006826941000
-0.009301827000
-0.011342830000
-0.014566990000
-0.018280860000
-0.021033270000
-0.023664470000
-0.026990750000
-0.030018190000
-0.032660160000
-0.034539610000
-0.034636430000
-0.033062710000
-0.030519620000
-0.026160150000
-0.019216460000
-0.011627820000
-0.004641512000
0.001187633000
0.005911535000
0.008761619000
0.009333130000
0.008822342000
0.007952404000
0.006561389000
0.005566909000
0.005607723000
0.005413039000
0.004031670000
0.001920373000
0.000888759900
0.000797487700
0.001170476000
0.001426932000
0.002531804000
0.006138524000
0.011472490000
0.016747930000
0.019868380000
0.021627110000
0.021931680000
0.020257190000
0.018591420000
0.016649160000
0.011771460000
0.003437685000
-0.005787130000
-0.013792680000
-0.019881880000
-0.024432820000
-0.026266430000
-0.025163690000
-0.021727730000
-0.016549580000
-0.010057060000
-0.003647119000
0.001543437000
0.006109059000
0.011080400000
0.016012670000
0.019918250000
0.022747000000
0.023521020000
0.022420920000
0.019058530000
0.012698040000
0.004868892000
-0.003530395000
-0.012665990000
-0.021426280000
-0.028142620000
-0.030931610000
-0.030624300000
-0.028111460000
-0.021253210000
-0.008921752000
0.003738444000
0.012937080000
0.020127390000
0.026397640000
0.031558760000
0.035923800000
0.040043850000
0.041998580000
0.039176590000
0.032032650000
0.021301850000
0.008017132000
-0.005441938000
-0.018169570000
-0.028156690000
-0.037715340000
-0.045166820000
-0.048632890000
-0.048810110000
-0.046803380000
-0.041810280000
-0.033591140000
-0.025245320000
-0.017655380000
-0.008653033000
0.002310719000
0.014514530000
0.025838860000
0.033557100000
0.037893160000
0.039080010000
0.036421800000
0.030326830000
0.021869110000
0.011527230000
0.002084471000
-0.003959277000
-0.006718315000
-0.007261949000
-0.005756731000
-0.000935453800
0.005539557000
0.009870647000
0.011303020000
0.010379000000
0.008959925000
0.008808840000
0.008167095000
0.005612298000
0.002202632000
-0.002670683000
-0.008278645000
-0.013333120000
-0.017290090000
-0.020007840000
-0.019839520000
-0.016429740000
-0.009909505000
-0.002394996000
0.005604163000
0.012445260000
0.019673450000
0.026010160000
0.027902620000
0.025086520000
0.017292380000
0.005165826000
-0.006860958000
-0.017684010000
-0.027758510000
-0.034502010000
-0.034726810000
-0.029361290000
-0.019920830000
-0.006562897000
0.008253168000
0.021309550000
0.031185730000
0.038514680000
0.043148950000
0.044887590000
0.043665970000
0.040509730000
0.034643320000
0.025710120000
0.014211200000
0.001354142000
-0.009397766000
-0.017098370000
-0.021580710000
-0.022898050000
-0.022025060000
-0.019875350000
-0.017220580000
-0.014520380000
-0.012683220000
-0.012195120000
-0.012317010000
-0.011830170000
-0.010259400000
-0.008290926000
-0.007700766000
-0.007425310000
-0.005517420000
-0.003414060000
-0.001345915000
0.001091570000
0.003127238000
0.003470874000
0.001833008000
-0.001039816000
-0.005666223000
-0.011107000000
-0.016518070000
-0.020922280000
-0.023717630000
-0.024599540000
-0.024136100000
-0.023697040000
-0.023362110000
-0.022201040000
-0.020035490000
-0.016698730000
-0.012713990000
-0.008343707000
-0.003873549000
-0.001073387000
0.001097088000
0.004047843000
0.006453309000
0.008884141000
0.009824269000
0.008282971000
0.006764838000
0.005232938000
0.002942187000
0.000172096700
-0.003549786000
-0.008222409000
-0.012205580000
-0.014296700000
-0.015743980000
-0.017329460000
-0.018510440000
-0.018572630000
-0.018456830000
-0.018546660000
-0.018664230000
-0.018652300000
-0.017550370000
-0.016025040000
-0.015303920000
-0.015292220000
-0.014959470000
-0.014447550000
-0.014584190000
-0.014306270000
-0.012688820000
-0.009596913000
-0.005712086000
-0.001502202000
0.003707011000
0.008751588000
0.012732660000
0.016481440000
0.019476200000
0.021484930000
0.021959230000
0.020911660000
0.018358820000
0.015558190000
0.012950720000
0.010184950000
0.005954232000
0.001054468000
-0.002244682000
-0.006353416000
-0.011346080000
-0.016236510000
-0.020420250000
-0.023962580000
-0.026025580000
-0.026028960000
-0.024889320000
-0.022407560000
-0.019246670000
-0.015839550000
-0.012621520000
-0.008935745000
-0.004938317000
-0.000579296200
0.004468504000
0.009607004000
0.013498190000
0.015780460000
0.015903450000
0.016013860000
0.016139600000
0.015926120000
0.015534640000
0.015359460000
0.015317940000
0.014583120000
0.012328660000
0.010191040000
0.007516409000
0.005564153000
0.005185430000
0.004111618000
0.003287101000
0.003345152000
0.003781644000
0.004732957000
0.004797073000
0.003936609000
0.002821596000
0.001155044000
-0.000263309400
-0.002382176000
-0.004194844000
-0.003784116000
-0.001109519000
0.002597205000
0.006713456000
0.010690150000
0.014681360000
0.017935060000
0.019826510000
0.021842980000
0.023058620000
0.022697200000
0.020500370000
0.016627090000
0.010188000000
0.001373317000
-0.007654819000
-0.015386050000
-0.019333520000
-0.019770460000
-0.018610020000
-0.015788300000
-0.011855800000
-0.007982227000
-0.004031036000
-0.000577642900
0.002252652000
0.005705015000
0.008369716000
0.009782009000
0.010997380000
0.012180840000
0.012133940000
0.010521840000
0.008065204000
0.004565632000
-0.000425883400
-0.006256795000
-0.011933010000
-0.018120460000
-0.023475640000
-0.027436810000
-0.029770520000
-0.030153600000
-0.029505570000
-0.026799950000
-0.021641080000
-0.014921980000
-0.006733216000
-0.000186620300
0.005698007000
0.011325270000
0.016349650000
0.021077210000
0.024410350000
0.024875470000
0.023209740000
0.019283210000
0.014609800000
0.010286730000
0.007036325000
0.004074402000
0.000292848400
-0.003902762000
-0.007980116000
-0.011287170000
-0.013112930000
-0.012876270000
-0.010238220000
-0.006251584000
-0.001948811000
0.001755570000
0.004114388000
0.006500524000
0.008760566000
0.010537950000
0.012960400000
0.014335680000
0.015452710000
0.016875590000
0.016994750000
0.015271150000
0.012841300000
0.009613877000
0.006399577000
0.003602982000
0.000847575100
-0.001814078000
-0.005416903000
-0.010606340000
-0.015841270000
-0.018858310000
-0.020064430000
-0.020180720000
-0.018678650000
-0.015732030000
-0.010923700000
-0.004871634000
0.001335130000
0.005829189000
0.008855996000
0.011575920000
0.014260380000
0.017177450000
0.019813770000
0.021916130000
0.023986460000
0.024499720000
0.022254970000
0.017895880000
0.013306100000
0.008980260000
0.003609480000
-0.003490849000
-0.010713990000
-0.016676370000
-0.020457610000
-0.021503280000
-0.022479910000
-0.023510290000
-0.023584990000
-0.022664530000
-0.020918800000
-0.018227760000
-0.013783570000
-0.008834493000
-0.004063331000
0.000493137700
0.003141792000
0.004829308000
0.005898271000
0.005846059000
0.006020673000
0.007992437000
0.010108920000
0.011011990000
0.011231610000
0.010892050000
0.009588578000
0.006204916000
0.001422105000
-0.002503020000
-0.005151875000
-0.006560884000
-0.006750445000
-0.007315087000
-0.007959377000
-0.008016910000
-0.007332833000
-0.006769564000
-0.006776465000
-0.006007056000
-0.004556522000
-0.003002708000
-0.002405343000
-0.002712707000
-0.003725522000
-0.004981736000
-0.005804900000
-0.007423618000
-0.009516921000
-0.010632270000
-0.012201960000
-0.013193360000
-0.013020930000
-0.012368070000
-0.010780980000
-0.008006915000
-0.003497102000
0.002645621000
0.008728666000
0.014795710000
0.018487510000
0.020570870000
0.021466100000
0.021065000000
0.019166420000
0.015916780000
0.011447490000
0.006707737000
0.001398751000
-0.004364608000
-0.009186493000
-0.012251280000
-0.014261230000
-0.016138760000
-0.018295380000
-0.018455710000
-0.016088730000
-0.013811790000
-0.011470980000
-0.007290740000
-0.002854889000
0.000217404600
0.002241455000
0.003727451000
0.004211100000
0.005453744000
0.008797994000
0.012125460000
0.013444810000
0.015112200000
0.016988620000
0.017042120000
0.016583940000
0.016405630000
0.016308130000
0.016194790000
0.016268780000
0.016021920000
0.013981730000
0.010683020000
0.007647024000
0.005354813000
0.002981906000
0.001226963000
-0.000847575900
-0.002113124000
-0.002018446000
-0.001839060000
-0.001872406000
-0.001951458000
-0.001959362000
-0.001894314000
-0.001466275000
-0.000106185000
0.001473225000
0.002411835000
0.003022547000
0.003897881000
0.004647911000
0.004596757000
0.003920704000
0.004146930000
0.004923183000
0.005410751000
0.005579182000
0.007201064000
0.010160370000
0.012988680000
0.015342600000
0.017276920000
0.018867320000
0.019985120000
0.020833140000
0.020358310000
0.018690600000
0.016301130000
0.013598540000
0.010921720000
0.007864694000
0.004979585000
0.003459599000
0.002113761000
0.001666158000
0.002831852000
0.004728897000
0.006844549000
0.008022555000
0.008763676000
0.008783591000
0.008194020000
0.006932116000
0.005248148000
0.002727481000
-0.000669094100
-0.004127177000
-0.006475600000
-0.007925813000
-0.008586612000
-0.008340487000
-0.007511460000
-0.005727604000
-0.003101411000
-0.000933240100
0.000458548900
0.001179376000
0.001404981000
0.002244174000
0.003019999000
0.003101824000
0.002905305000
0.002421809000
0.001437415000
-0.000221562100
-0.002507429000
-0.004842340000
-0.006510768000
-0.007338820000
-0.008239536000
-0.008752768000
-0.008510467000
-0.008252523000
-0.007887695000
-0.007330724000
-0.007019961000
-0.007010773000
-0.007105245000
-0.006703647000
-0.006225828000
-0.006706207000
-0.007549927000
-0.008211918000
-0.009088720000
-0.009787080000
-0.010186660000
-0.009701511000
-0.008528058000
-0.007346124000
-0.005825017000
-0.004332858000
-0.003766485000
-0.003732597000
-0.003479749000
-0.003298255000
-0.003264271000
-0.003216082000
-0.003118859000
-0.002736932000
-0.002202007000
-0.001874691000
-0.001594172000
-0.001395811000
-0.001072054000
-0.000881312800
-0.000701905300
-0.000341859700
0.000014662560
-0.000045019990
-0.000267311000
-0.000543613700
-0.001130720000
-0.001918747000
-0.002790872000
-0.003446560000
-0.003959289000
-0.004219455000
-0.004120463000
-0.003902567000
-0.003634654000
-0.003367704000
-0.003113466000
-0.002891240000
-0.002731025000
-0.002616634000
-0.002458091000
-0.002295596000
-0.002116313000
-0.001849083000
-0.001718048000
-0.001764314000
-0.001774071000
-0.001640576000
-0.001448498000
-0.001289834000
-0.001184889000
-0.001033304000
-0.000781096700
-0.000588237100
-0.000462404800
-0.000409646400
-0.000389324100
-0.000412830200
-0.000485165900
-0.000547315700
-0.000575666800
-0.000600793100
-0.000620750000
-0.000577387800
-0.000509048300
-0.000447431600
-0.000370742200
-0.000296422500
-0.000244899200
-0.000205076400
-0.000170413400
-0.000149831300
-0.000126813800
-0.000086151450
-0.000041531910
-0.000000607939
0.000035155100
0.000065530430
0.000099540860
0.000140227800
0.000177570400
0.000213500300
0.000256243900
0.000299378900
0.000329654800
0.000357234700
0.000380860000
0.000398891200
0.000415399900
0.000432958500
0.000448008000
0.000462541600
0.000477768900
0.000492540500
0.000506083100
0.000519678100
0.000533851500
0.000549251500
0.000564455800
0.000579601900
0.000594625000
0.000609085500
0.000622857600
0.000636037400
0.000648493400
0.000660177800
0.000671199400
0.000681553800
0.000691284800
0.000700427700
0.000708989600
0.000716972500
0.000724380000
0.000731212700
0.000737470300
0.000000000000
0.000000000000
0.000000000000
0.000000000000
0.000000000000
0.000000000000
0.000000000000
0.000000000000
0.000000000000
0.000000000000
0.000000000000
0.000000000000
0.000000000000
0.000000000000
0.000000000000
0.000000000000
0.000000000000
0.000000000000
0.000000000000
0.000000000000
0.000000000000
0.000000000000
0.000000000000
0.000000000000
0.000000000000
0.000000000000
0.000000000000
0.000000000000
0.000000000000
0.000000000000
0.000000000000
0.000000000000
0.000000000000
0.000000000000
0.000000000000
0.000000000000
0.000000000000
0.000000000000
0.000000000000
0.000000000000
0.000000000000
0.000000000000
0.000000000000
0.000000000000
0.000000000000
0.000000000000
0.000000000000
0.000000000000
0.000000000000
0.000000000000
0.000000000000
0.000000000000
0.000000000000
0.000000000000
0.000000000000
0.000000000000
0.000000000000
0.000000000000
0.000000000000
0.000000000000
0.000000000000
0.000000000000
0.000000000000
0.000000000000
0.000000000000
0.000000000000
0.000000000000
0.000000000000
0.000000000000
0.000000000000
0.000000000000
0.000000000000
0.000000000000
0.000000000000
0.000000000000
0.000000000000
0.000000000000
0.000000000000
0.000000000000
0.000000000000
0.000000000000
0.000000000000
0.000000000000
0.000000000000
0.000000000000
0.000000000000
0.000000000000
0.000000000000
0.000000000000
0.000000000000
0.000000000000
0.000000000000
0.000000000000
0.000000000000
0.000000000000
0.000000000000
0.000000000000
0.000000000000
0.000000000000
0.000000000000
0.000000000000
0.000000000000
0.000000000000
0.000000000000
0.000000000000
0.000000000000
0.000000000000
0.000000000000
0.000000000000
0.000000000000
0.000000000000
0.000000000000
0.000000000000
0.000000000000
0.000000000000
0.000000000000
0.000000000000
0.000000000000
0.000000000000
0.000000000000
0.000000000000
0.000000000000
0.000000000000
0.000000000000
0.000000000000
0.000000000000
0.000000000000
0.000000000000
0.000000000000
0.000000000000
0.000000000000
0.000000000000
0.000000000000
0.000000000000
0.000000000000
0.000000000000
0.000000000000
0.000000000000
0.000000000000
0.000000000000
0.000000000000
0.000000000000
0.000000000000
0.000000000000
0.000000000000
0.000000000000
0.000000000000
0.000000000000
0.000000000000
0.000000000000
0.000000000000
0.000000000000
0.000000000000
0.000000000000
0.000000000000
0.000000000000
0.000000000000
0.000000000000
0.000000000000
0.000000000000
0.000000000000
0.000000000000
0.000000000000
0.000000000000
0.000000000000
0.000000000000
0.000000000000
0.000000000000
0.000000000000
0.000000000000
0.000000000000
0.000000000000
0.000000000000
0.000000000000
0.000000000000
0.000000000000
0.000000000000
0.000000000000
0.000000000000
0.000000000000
0.000000000000
0.000000000000
0.000000000000
0.000000000000
0.000000000000
0.000000000000
0.000000000000
0.000000000000
0.000000000000
0.000000000000
0.000000000000
0.000000000000
0.000000000000
0.000000000000
0.000000000000
0.000000000000
0.000000000000
0.000000000000
0.000000000000
0.000000000000
0.000000000000
0.000000000000
0.000000000000
0.000000000000
0.000000000000
0.000000000000
0.000000000000
0.000000000000
0.000000000000
0.000000000000
0.000000000000
0.000000000000
0.000000000000
0.000000000000
0.000000000000
0.000000000000
0.000000000000
0.000000000000
0.000000000000
0.000000000000
0.000000000000
0.000000000000
0.000000000000
0.000000000000
0.000000000000
0.000000000000
0.000000000000
0.000000000000
0.000000000000
0.000000000000
0.000000000000
0.000000000000
0.000000000000
0.000000000000
0.000000000000
0.000000000000
0.000000000000
0.000000000000
0.000000000000
0.000000000000
0.000000000000
0.000000000000
0.000000000000
0.000000000000
0.000000000000
0.000000000000
0.000000000000
0.000000000000
0.000000000000
0.000000000000
0.000000000000
0.000000000000
0.000000000000
0.000000000000
0.000000000000
0.000000000000
0.000000000000
0.000000000000
0.000000000000
0.000000000000
0.000000000000
0.000000000000
0.000000000000
0.000000000000
0.000000000000
0.000000000000
0.000000000000
0.000000000000
0.000000000000
0.000000000000
0.000000000000
0.000000000000
0.000000000000
0.000000000000
0.000000000000
0.000000000000
0.000000000000
0.000000000000
0.000000000000
0.000000000000
0.000000000000
0.000000000000
0.000000000000
0.000000000000
0.000000000000
0.000000000000
0.000000000000
0.000000000000
0.000000000000
0.000000000000
0.000000000000
0.000000000000
0.000000000000
0.000000000000
0.000000000000
0.000000000000
0.000000000000
0.000000000000
0.000000000000
0.000000000000
0.000000000000
0.000000000000
0.000000000000
0.000000000000
0.000000000000
0.000000000000
0.000000000000
0.000000000000
0.000000000000
0.000000000000
0.000000000000
0.000000000000
0.000000000000
0.000000000000
0.000000000000
0.000000000000
0.000000000000
0.000000000000
0.000000000000
0.000000000000
0.000000000000
0.000000000000
0.000000000000
0.000000000000
0.000000000000
0.000000000000
0.000000000000
0.000000000000
0.000000000000
0.000000000000
0.000000000000
0.000000000000
0.000000000000
0.000000000000
0.000000000000
0.000000000000
0.000000000000
0.000000000000
0.000000000000
0.000000000000
0.000000000000
0.000000000000
0.000000000000
0.000000000000
0.000000000000
0.000000000000
0.000000000000
0.000000000000
0.000000000000
0.000000000000
0.000000000000
0.000000000000
0.000000000000
0.000000000000
0.000000000000
0.000000000000
0.000000000000
0.000000000000
0.000000000000
0.000000000000
0.000000000000
0.000000000000
0.000000000000
0.000000000000
0.000000000000
0.000000000000
0.000000000000
0.000000000000
0.000000000000
0.000000000000
0.000000000000
0.000000000000
0.000000000000
0.000000000000
0.000000000000
0.000000000000
0.000000000000
0.000000000000
0.000000000000
0.000000000000
0.000000000000
0.000000000000
0.000000000000
0.000000000000
0.000000000000
0.000000000000
0.000000000000
0.000000000000
0.000000000000
0.000000000000
0.000000000000
0.000000000000
0.000000000000
0.000000000000
0.000000000000
0.000000000000
0.000000000000
0.000000000000
0.000000000000
0.000000000000
0.000000000000
0.000000000000
0.000000000000
0.000000000000
0.000000000000
0.000000000000
0.000000000000
0.000000000000
0.000000000000
0.000000000000
0.000000000000
0.000000000000
0.000000000000
0.000000000000
0.000000000000
0.000000000000
0.000000000000
0.000000000000
0.000000000000
0.000000000000
0.000000000000
0.000000000000
0.000000000000
0.000000000000
0.000000000000
0.000000000000
0.000000000000
0.000000000000
0.000000000000
0.000000000000
0.000000000000
0.000000000000
0.000000000000
0.000000000000
0.000000000000
0.000000000000
0.000000000000
0.000000000000
0.000000000000
0.000000000000
0.000000000000
0.000000000000
0.000000000000
0.000000000000
0.000000000000
0.000000000000
0.000000000000
0.000000000000
0.000000000000
0.000000000000
0.000000000000
0.000000000000
0.000000000000
0.000000000000
0.000000000000
0.000000000000
0.000000000000
0.000000000000
0.000000000000
0.000000000000
0.000000000000
0.000000000000
0.000000000000
0.000000000000
0.000000000000
0.000000000000
0.000000000000
0.000000000000
0.000000000000
0.000000000000
0.000000000000
0.000000000000
0.000000000000
0.000000000000
0.000000000000
0.000000000000
0.000000000000
0.000000000000
0.000000000000
0.000000000000
0.000000000000
0.000000000000
0.000000000000
0.000000000000
0.000000000000
0.000000000000
0.000000000000
0.000000000000
0.000000000000
0.000000000000
0.000000000000
0.000000000000
0.000000000000
0.000000000000
0.000000000000
0.000000000000
0.000000000000
0.000000000000
0.000000000000
0.000000000000
