0.000713474000
-0.002727253000
-0.003161990000
-0.005451037000
-0.005017654000
-0.004181323000
-0.002240283000
-0.000015633990
-0.006029476000
-0.006804551000
-0.001387159000
0.000726500900
-0.002991132000
-0.004060797000
-0.000793377700
0.001007329000
-0.004208498000
-0.004341620000
0.003005982000
0.003787891000
-0.005439416000
-0.012340060000
-0.013598010000
0.001029549000
-0.016146450000
0.019183130000
0.001523746000
-0.019538320000
-0.022506560000
-0.000850932900
0.057302380000
0.013113000000
-0.008630215000
-0.034823640000
-0.017047890000
0.005500475000
0.017998820000
0.003718136000
-0.000833753800
-0.014505420000
-0.044491960000
-0.016880070000
0.003360319000
0.077988160000
0.077212550000
-0.034682850000
-0.096395240000
-0.066262690000
0.043866430000
0.131723900000
0.035897780000
-0.010142120000
-0.084522690000
-0.119627100000
0.055780220000
0.002356690000
0.086049750000
0.004938388000
-0.059370480000
-0.008405036000
-0.077235490000
0.054192710000
0.062555920000
0.001834565000
0.006587039000
-0.064380150000
-0.054884620000
-0.002911142000
-0.014843700000
0.052055490000
0.045013900000
-0.093321040000
-0.049571660000
0.045372550000
-0.038817630000
0.077440570000
0.004746870000
-0.017201810000
0.019583190000
-0.071760110000
-0.045645270000
0.021781630000
0.018161480000
-0.007589579000
-0.033170270000
-0.053255170000
0.011610650000
0.064694480000
0.043244900000
-0.055627740000
0.054384420000
0.021405860000
-0.013534130000
-0.054795030000
0.001394891000
-0.039331480000
-0.022973530000
0.098202720000
-0.034685670000
0.049846100000
-0.011415800000
-0.050024500000
-0.001037608000
0.027586030000
-0.023675690000
0.004528765000
0.064604170000
-0.119807200000
-0.044483820000
0.019876670000
0.106628300000
0.027527820000
-0.059914130000
-0.048305910000
-0.075613710000
0.072400180000
0.017650330000
0.069716950000
0.003606393000
-0.005723805000
-0.046614820000
-0.076710130000
0.047508330000
0.024949830000
0.020470860000
0.014706710000
-0.032122630000
-0.054240390000
0.088589130000
0.014511560000
-0.061116380000
-0.071693790000
-0.076552030000
0.013375260000
0.031767950000
-0.027459300000
0.018810020000
0.016401900000
0.043685990000
0.109710800000
-0.003569296000
0.082132310000
0.112795700000
0.058750210000
0.048902330000
0.072300360000
-0.020691760000
-0.023847360000
-0.020403560000
-0.009330128000
0.029718850000
-0.003792903000
0.111201200000
0.077594650000
0.162509100000
0.206497900000
0.210639500000
0.105634000000
0.020972460000
-0.010076900000
-0.066022400000
0.046586090000
0.074879360000
-0.005386973000
-0.082210810000
-0.132455400000
-0.228398100000
-0.171886500000
0.020258640000
0.005175494000
-0.151132700000
-0.210670600000
-0.253043800000
-0.412645500000
-0.383845200000
-0.146976000000
0.021948890000
-0.243811400000
-0.420581800000
-0.104167800000
0.096022170000
0.306562100000
0.489824300000
0.545242600000
0.391655900000
0.388918000000
0.273372200000
-0.019293510000
-0.146029700000
-0.168747300000
-0.129258200000
-0.257614100000
-0.325764600000
-0.326592900000
-0.367514500000
-0.231257900000
-0.066011820000
0.053850310000
0.141878300000
0.211435100000
0.421602900000
0.396113100000
0.096810370000
0.071713220000
0.220893300000
0.301713900000
0.137953000000
0.017180900000
-0.331959000000
-0.278852600000
-0.096137990000
-0.378687100000
-0.355315800000
-0.279938800000
0.035798150000
0.126858800000
0.241856700000
0.365488900000
0.585220400000
0.410376200000
0.163996300000
0.259386800000
-0.007662323000
-0.340156700000
-0.763746300000
-0.780198700000
-0.457409400000
-0.430049800000
-0.180884100000
0.074225260000
0.192514900000
0.325289400000
0.662920800000
0.760614600000
0.287380700000
0.027397130000
0.068075940000
-0.084697420000
-0.286262400000
-0.043859240000
-0.080512730000
-0.044426940000
-0.026504290000
0.022777250000
-0.244782800000
0.179907700000
0.468042700000
0.304010600000
0.507094900000
0.202986200000
0.028501230000
-0.024027480000
-0.127545000000
-0.134329700000
-0.457073800000
-0.415035100000
-0.052538120000
-0.138662600000
-0.043824690000
0.029485050000
0.161013300000
0.207304300000
0.136151500000
0.041725280000
-0.100586800000
-0.126140600000
-0.013158940000
0.054833560000
0.014327650000
-0.096880570000
-0.090053380000
-0.161758000000
-0.027791900000
0.195284500000
0.259849800000
0.562605500000
0.561683800000
0.152484700000
-0.032224770000
-0.029330670000
-0.190695300000
-0.367665000000
-0.429596900000
-0.316695900000
-0.285824200000
-0.210121400000
-0.114904100000
0.003827339000
0.014130730000
-0.170620500000
-0.152772100000
-0.142812500000
0.036456960000
0.177210200000
0.189488300000
0.172593400000
0.266411400000
0.305071800000
0.104928800000
-0.053649210000
-0.090787030000
-0.130500300000
-0.146593500000
-0.123502400000
-0.077242950000
-0.100575100000
-0.039969340000
0.240528000000
0.236728900000
0.149329500000
0.042205440000
0.006036629000
0.010578060000
0.004304422000
0.044776370000
0.067242250000
0.157119900000
-0.019930250000
-0.121642200000
-0.112970800000
-0.181845000000
-0.083194210000
-0.072832670000
-0.168959100000
-0.070701120000
-0.069508360000
-0.156323200000
-0.206725100000
-0.160792100000
-0.052976720000
0.018518510000
-0.177535300000
-0.275871000000
0.375439100000
0.762295800000
0.796950700000
0.535627100000
0.384303400000
0.305976900000
0.225589000000
0.186895700000
0.105337900000
0.041155750000
-0.259555200000
-0.664213300000
-1.331458000000
-0.376694900000
0.059770510000
-0.182829000000
0.048073860000
-0.142716700000
-0.212457900000
0.230100000000
0.342706300000
0.254819400000
0.690067000000
0.845837700000
0.557782800000
0.132790000000
0.109595600000
-0.021085510000
-0.240234200000
-0.223155000000
-0.183922400000
-0.218290000000
-0.726287400000
-0.194034700000
0.635610100000
0.446777800000
0.366855000000
-0.073362390000
-0.084713660000
-0.179258200000
-0.364291000000
-0.588964000000
-1.094604000000
-0.564567100000
-0.080349310000
-0.502324000000
-0.333041400000
0.056976200000
0.304943600000
0.549357300000
0.672835700000
0.613768800000
0.606395500000
0.672368300000
0.552108600000
0.346867500000
0.426173800000
0.387394700000
0.339774200000
0.145215500000
-0.313633200000
-0.991919700000
-1.418938000000
-1.558274000000
-1.439611000000
-0.344115700000
-0.289270100000
-0.289338200000
0.260187000000
0.424458300000
0.317760300000
-0.012581720000
-0.135417000000
-0.103020600000
-0.248327500000
-0.425347400000
-0.575260600000
-0.714113000000
-0.684545000000
-0.262259700000
-0.012266740000
-0.296463000000
-0.236536800000
-0.812011500000
0.711721800000
1.779417000000
1.185543000000
1.078778000000
0.605634300000
0.587559100000
0.425522100000
0.398625800000
0.286990000000
0.426600700000
0.562491400000
0.488116100000
0.286147100000
0.105075800000
-0.627904100000
-1.567539000000
-1.114014000000
-0.409659500000
-0.190335900000
-0.404056400000
0.017131260000
0.273528700000
0.038497420000
0.124230500000
0.050409190000
0.118660500000
0.349849700000
0.592372200000
0.625180600000
0.214380700000
-0.031045440000
0.141348900000
0.060705750000
-0.173478000000
-0.297268200000
-0.356372000000
-0.339242100000
-0.096353540000
0.062249370000
0.042522620000
0.008847369000
0.045355240000
0.057297430000
0.013348740000
-0.059055910000
-0.170271500000
-0.249657200000
-0.336940600000
-0.390371200000
-0.271187200000
-0.190254300000
-0.155205100000
-0.060914220000
-0.014375710000
-0.051289510000
-0.114280600000
-0.098716480000
-0.114404100000
0.089264410000
0.254386000000
0.130781400000
0.093003650000
0.064162100000
0.107858900000
0.020249000000
-0.033867140000
0.175502100000
0.087522960000
-0.065809590000
-0.127005500000
0.005321010000
0.261557200000
0.294757100000
0.208648600000
0.123696800000
0.023464440000
-0.065370490000
-0.082714660000
-0.155924200000
-0.398442500000
-0.431818000000
-0.049059080000
0.117366000000
0.218176700000
0.398906300000
0.523878600000
0.542994300000
0.293331800000
0.114676700000
0.197127200000
0.163422300000
-0.051693830000
-0.298920500000
-0.386654000000
-0.244007100000
-0.089282380000
-0.095982910000
-0.153357000000
-0.024868790000
0.226796700000
0.411094200000
0.535591100000
0.340094800000
0.113700500000
0.169011800000
0.216435500000
0.031660360000
-0.184760300000
-0.336603800000
-0.393941300000
-0.562178200000
-0.341015900000
0.076667780000
-0.284857100000
-0.399099400000
-0.430029000000
-0.489070900000
-0.313294500000
-0.053341570000
0.284445500000
0.877051000000
1.220240000000
0.654688500000
0.233717000000
0.047801350000
0.303851700000
0.555100900000
0.396773300000
0.346714500000
0.116599200000
-0.201716500000
-0.824241200000
-1.100591000000
-0.643984200000
-0.378195800000
-0.541763300000
-0.533952400000
-0.373182300000
-0.118456900000
-0.052664160000
0.129366800000
0.270367300000
0.426670800000
0.919400900000
0.377651000000
-0.012204420000
0.325046100000
0.458643400000
0.352603800000
0.178283500000
0.089800280000
0.025932690000
-0.248424100000
-0.807740400000
-1.143808000000
-0.684780000000
-0.242501100000
-0.257929000000
-0.103311500000
0.011680880000
-0.002482130000
0.058475810000
0.082244560000
0.073570160000
0.072113280000
0.031472080000
0.090115640000
0.204801100000
0.300672600000
0.400555700000
0.279359000000
0.021141590000
-0.132569700000
-0.130427000000
-0.082376150000
0.010002860000
0.084073890000
0.077886230000
0.082687040000
0.014731220000
-0.046077450000
-0.088772960000
-0.184536000000
-0.220439300000
-0.225332700000
-0.113209500000
-0.016890240000
-0.026320510000
0.062605790000
0.093354340000
0.103414200000
0.151430300000
0.174041400000
0.182823100000
0.230020300000
0.256974400000
0.256567100000
0.263027300000
0.197636800000
0.114957300000
0.111959100000
0.103641600000
0.066498990000
-0.011596680000
-0.192746000000
-0.361915400000
-0.225799900000
0.067687400000
-0.005302151000
-0.174501100000
-0.190486000000
-0.165890100000
-0.131660300000
-0.137301300000
-0.090733590000
0.019582060000
0.085617480000
0.077988500000
0.028025440000
-0.037948550000
-0.101058400000
-0.139499500000
-0.176655500000
-0.208816500000
-0.158656300000
-0.047133020000
0.061056950000
0.141053100000
0.210056700000
0.289525500000
0.332435500000
0.336996600000
0.301490900000
0.154079100000
0.022722070000
-0.063149090000
-0.180122100000
-0.294590000000
-0.357018400000
-0.381231700000
-0.298406000000
-0.173709400000
-0.149070700000
-0.146556800000
-0.128972400000
-0.050403250000
0.020828030000
0.093868790000
0.176422000000
0.281914100000
0.349442900000
0.509802700000
0.518431500000
0.238056500000
0.078763730000
-0.035459340000
-0.239241500000
-0.291073100000
-0.123721200000
0.030234120000
0.112008100000
0.122213900000
0.123985100000
0.116453100000
0.073714620000
-0.017197380000
-0.145782100000
-0.295621500000
-0.309461300000
-0.232468000000
-0.159962800000
-0.081607790000
-0.076183850000
-0.081785090000
-0.031719820000
0.007304956000
-0.007253921000
-0.000601897000
0.081850410000
0.121585100000
0.090511420000
0.069950850000
0.103685900000
0.144381500000
0.146861700000
0.103553100000
0.048052460000
0.031967660000
0.006258152000
-0.041470100000
-0.098388560000
-0.138903400000
-0.117648000000
-0.063168150000
-0.044146580000
-0.016772220000
0.018064450000
0.044520800000
0.066511610000
0.114195100000
0.163350600000
0.243250900000
0.165956900000
-0.115773500000
-0.270036700000
-0.324705000000
-0.230711500000
-0.132039000000
-0.113497900000
-0.059906470000
-0.011301820000
0.042117230000
0.101514500000
0.144414200000
0.177293600000
0.221216500000
0.251759900000
0.164148700000
0.021890990000
-0.067382860000
-0.178207200000
-0.219123900000
-0.173887300000
-0.114570600000
-0.054877510000
-0.022112410000
-0.023829450000
-0.035186490000
-0.037597130000
-0.041200130000
-0.014489750000
0.075012840000
0.161085200000
0.183695200000
0.169094500000
0.163835000000
0.149778000000
0.055662310000
-0.010978720000
-0.026437180000
-0.036507980000
-0.035275150000
-0.026698320000
-0.025857160000
-0.083030550000
-0.142065500000
-0.147825700000
-0.093590600000
-0.047968380000
-0.009862527000
0.034361280000
0.089202280000
0.156095600000
0.222714500000
0.263211300000
0.279230000000
0.228876400000
0.101786100000
0.003859682000
-0.109168900000
-0.215698000000
-0.244312400000
-0.159814800000
-0.093047980000
-0.019507300000
0.010915930000
-0.061886870000
-0.057133960000
-0.055484910000
-0.103134500000
-0.088327470000
0.022896120000
0.095187300000
0.126306200000
0.118478400000
0.058141090000
-0.031924170000
-0.134354900000
-0.225225900000
-0.265917100000
-0.203502500000
-0.176674800000
-0.188299900000
-0.143547700000
-0.073356640000
0.013560360000
0.085859760000
0.165686700000
0.259377600000
0.409113400000
0.469318500000
0.233503500000
-0.003190766000
-0.081297500000
-0.231486600000
-0.331774300000
-0.223142500000
-0.003387746000
0.056383020000
-0.033751550000
-0.005109138000
0.031381150000
0.064233100000
0.106618000000
0.131535300000
0.179487300000
0.222358800000
0.199171000000
0.136204100000
0.038380840000
-0.044320950000
-0.122779600000
-0.231198600000
-0.261106200000
-0.200226600000
-0.110521900000
-0.041851570000
-0.021597600000
0.010142600000
0.035192610000
0.029602860000
0.045643230000
0.100044800000
0.140506000000
0.156285200000
0.162644800000
0.162582400000
0.155472900000
0.063746210000
-0.020512040000
-0.061021470000
-0.081180880000
-0.071639900000
-0.065220150000
-0.076428020000
-0.100977500000
-0.117193600000
-0.125760700000
-0.129099200000
-0.100338300000
-0.050307470000
-0.078314720000
-0.113269200000
-0.108114200000
-0.108271400000
-0.098469240000
-0.082297200000
-0.060116360000
-0.005823871000
0.069350060000
0.107950900000
0.114726700000
0.115217200000
0.098271940000
0.028998580000
-0.043042020000
-0.070076140000
-0.070840160000
-0.071121720000
-0.041124580000
0.035563080000
0.059612610000
0.060493870000
0.094673030000
0.120887000000
0.124724200000
0.156896000000
0.190211300000
0.104840300000
-0.011781350000
-0.079168660000
-0.099287150000
-0.071554340000
-0.034747630000
0.006680705000
0.028395500000
0.027856970000
0.027728480000
0.043261070000
0.041594430000
0.041020210000
0.062532050000
0.089343820000
0.061273470000
-0.017515350000
-0.040757010000
-0.020247810000
0.017119950000
0.038872540000
0.018730670000
-0.022559870000
-0.048565710000
-0.043499290000
-0.031252070000
-0.028290920000
-0.017257490000
-0.015563170000
-0.026562750000
-0.029432920000
-0.022124510000
-0.019299000000
-0.035552590000
-0.055830070000
-0.063299400000
-0.049949530000
-0.028112220000
-0.031765720000
-0.054649280000
-0.032815020000
0.018467660000
0.058272280000
0.063333670000
0.028096910000
0.008093850000
0.010295170000
0.010153560000
-0.003352095000
-0.015327740000
-0.010911990000
0.002814334000
0.008053239000
0.006016484000
0.012641570000
0.031154770000
0.048553100000
0.042024290000
0.018553270000
-0.000870375500
-0.007396123000
-0.016319890000
-0.031756350000
-0.037567060000
-0.032767740000
-0.019205580000
0.018588710000
0.046404340000
0.053894450000
0.070226920000
0.047550540000
0.001321336000
-0.034354950000
-0.057437290000
-0.067348360000
-0.076580120000
-0.086850220000
-0.085094540000
-0.074553570000
-0.051482940000
-0.008337671000
0.008868999000
-0.007272209000
-0.021212250000
-0.017740900000
-0.021949110000
-0.032213070000
-0.039782170000
-0.043835340000
-0.034408180000
0.013267960000
0.051048060000
0.055781180000
0.052999980000
0.045479850000
0.041691910000
0.020992380000
-0.003076220000
-0.009357033000
-0.003781360000
0.023695760000
0.048238340000
0.055358300000
0.059428460000
0.070214310000
0.093397240000
0.104572700000
0.107945200000
0.084351000000
0.055866860000
0.037721450000
0.010925420000
-0.012758580000
-0.050485940000
-0.089685170000
-0.111303700000
-0.117549700000
-0.116772100000
-0.076254190000
-0.026970420000
-0.022048500000
-0.022190870000
-0.013925390000
-0.010139730000
-0.011746810000
-0.005603928000
0.028513480000
0.059127180000
0.070361910000
0.074964610000
0.066409300000
0.063663920000
0.060269830000
0.029701910000
-0.025230730000
-0.070184710000
-0.095531240000
-0.073430420000
0.005332424000
0.036045110000
0.045021590000
0.078008890000
0.088204290000
0.078569870000
0.057563470000
0.047770950000
0.017182680000
-0.037148120000
-0.079322570000
-0.119346800000
-0.159074300000
-0.145795400000
-0.067289580000
-0.018998170000
-0.004765577000
-0.005840121000
-0.015542840000
-0.025534220000
-0.028607960000
-0.023662450000
-0.030302100000
-0.032893370000
-0.024336030000
-0.016683430000
-0.014203250000
-0.014373020000
-0.022480440000
-0.019893140000
-0.018519650000
-0.012829510000
-0.004544494000
-0.010417070000
-0.009679027000
0.000528700000
0.009627690000
0.018122850000
0.025490890000
0.032706980000
0.034505840000
0.019956140000
-0.000993032800
-0.011235260000
-0.016146970000
-0.027198060000
-0.045510520000
-0.053824940000
-0.013606740000
0.025423170000
0.048940910000
0.072235270000
0.081775970000
0.078679880000
0.063985380000
0.053961450000
0.045853100000
0.032435640000
-0.001234928000
-0.035900000000
-0.045776010000
-0.026046510000
0.007321399000
0.031998920000
0.044758760000
0.043466060000
0.041926520000
0.040099350000
0.028675000000
0.015557450000
0.002827504000
-0.008942622000
-0.018499340000
-0.028198870000
-0.042840280000
-0.052079780000
-0.044837090000
-0.026018430000
-0.016710230000
-0.018551660000
-0.015972410000
-0.009508995000
0.004558523000
0.016810440000
0.015080200000
-0.015211050000
-0.043110410000
-0.045874920000
-0.052710250000
-0.059969900000
-0.065441490000
-0.049010620000
-0.018850540000
-0.006520062000
0.003510317000
0.012115760000
-0.007250259000
-0.031744840000
-0.018763590000
0.006185316000
0.024793900000
0.041318630000
0.072010130000
0.094097960000
0.097972660000
0.098091710000
0.088771690000
0.052596090000
-0.010988950000
-0.061683230000
-0.088947090000
-0.088304770000
-0.042072510000
0.015262430000
0.033181520000
0.049408420000
0.074568500000
0.080368970000
0.052186100000
-0.006036784000
-0.040675230000
-0.046935230000
-0.052600580000
-0.055914810000
-0.021963350000
-0.001151537000
0.005234423000
0.028262700000
0.038497130000
0.052146510000
0.057000440000
0.062562240000
0.065493470000
0.053943750000
0.028245620000
0.001141933000
-0.022218360000
-0.022381810000
-0.006153857000
-0.013304300000
-0.029852010000
-0.041562880000
-0.034004930000
-0.019450790000
-0.013562580000
-0.015684430000
-0.014837050000
-0.004128314000
-0.003954137000
-0.008531122000
-0.022545150000
-0.037762770000
-0.049647030000
-0.063078620000
-0.070077100000
-0.051840750000
-0.022105960000
-0.000899379000
0.029888060000
0.052921450000
0.063912740000
0.060171140000
0.041062220000
0.010843450000
-0.023508350000
-0.049325810000
-0.064372060000
-0.046111250000
-0.012939050000
-0.001553031000
-0.003961492000
-0.002819334000
-0.011219270000
-0.010345380000
0.006863819000
0.035226720000
0.063267290000
0.066054710000
0.063075040000
0.051903760000
0.044248420000
0.038927850000
0.028344090000
0.016128320000
0.010138640000
0.005583069000
-0.002612878000
-0.010530370000
-0.010938620000
0.017048910000
0.037383390000
0.035114650000
0.030679440000
0.029447030000
0.029433510000
0.021176360000
0.016134240000
-0.004843329000
-0.033318930000
-0.048377450000
-0.054953640000
-0.050047700000
-0.049060600000
-0.051101880000
-0.051891620000
-0.053444340000
-0.048689360000
-0.035551000000
-0.022978750000
-0.017393500000
-0.020887280000
-0.021680080000
-0.017821690000
-0.018468650000
-0.015481350000
-0.013906740000
-0.022655560000
-0.029356220000
-0.032536860000
-0.035324810000
-0.027206910000
-0.010553650000
0.002971256000
0.011032030000
0.022173200000
0.029507720000
0.024533910000
0.012207930000
0.003044975000
0.000464074900
0.001108413000
0.004627110000
0.008923044000
0.010727110000
0.012467950000
0.020283900000
0.017585690000
0.019203080000
0.026893570000
0.021196560000
0.023730930000
0.028013590000
0.025416340000
0.033529090000
0.038960260000
0.023927170000
-0.003223524000
-0.025745460000
-0.043725340000
-0.054837560000
-0.055680430000
-0.032716490000
0.010276160000
0.032065050000
0.052656450000
0.072827610000
0.065720910000
0.016311750000
-0.028197330000
-0.031353580000
-0.009189350000
0.024825240000
0.037957360000
0.024246150000
0.001938363000
-0.012665360000
-0.018797990000
0.002508403000
0.020530390000
0.017444490000
0.011779020000
0.012309010000
0.016191750000
0.019315600000
0.007989112000
-0.022949940000
-0.034357010000
-0.034669560000
-0.031624270000
-0.038290390000
-0.049096700000
-0.045145650000
-0.031177180000
-0.006023407000
0.009131309000
0.012313260000
0.012336270000
0.011430060000
0.006586642000
0.003781181000
-0.005473742000
-0.009454250000
-0.007615660000
-0.009941734000
-0.007510534000
-0.009864156000
-0.011458900000
0.000070688580
0.016200480000
0.022995210000
0.019781720000
0.016883400000
0.014295140000
0.010540010000
0.010776130000
0.012889060000
0.019292090000
0.017560620000
0.009671410000
0.000526574000
-0.010415510000
-0.014088050000
-0.013411320000
-0.018097750000
-0.032379330000
-0.039624950000
-0.024123550000
0.001294275000
0.022467880000
0.043039680000
0.049553840000
0.030899490000
0.008596600000
-0.001058294000
-0.012363550000
-0.023332220000
-0.024499700000
-0.017907050000
-0.004842481000
0.004006417000
0.003867069000
0.004645717000
0.010870140000
0.007800319000
0.003155613000
0.007097262000
0.014676220000
0.017943650000
0.010142030000
-0.005639067000
-0.011179360000
-0.013488300000
-0.013864350000
-0.011198750000
-0.010370190000
-0.006591788000
-0.004273013000
0.000443778400
-0.002128356000
0.001196125000
0.010679360000
0.015502220000
0.011242980000
-0.002271743000
-0.006570767000
-0.005594357000
-0.007260772000
-0.011196690000
-0.011774780000
-0.021872530000
-0.048149520000
-0.062648570000
-0.056911870000
-0.027183750000
-0.001821222000
0.018758520000
0.048742640000
0.058066670000
0.061040180000
0.064923500000
0.071519020000
0.084627230000
0.087179450000
0.052889260000
0.010241180000
-0.005468694000
-0.010351280000
-0.006165047000
0.002905959000
0.007017718000
-0.002445707000
-0.010005820000
-0.006796777000
0.002219120000
0.010287430000
0.011601290000
0.016988010000
0.017822470000
0.012508360000
-0.003496381000
-0.025674170000
-0.039758260000
-0.044516490000
-0.046172920000
-0.043021060000
-0.020007780000
-0.001290734000
0.000360680400
-0.007764611000
-0.015934790000
-0.014217090000
0.005301638000
0.020916820000
0.008784941000
-0.018582690000
-0.036521440000
-0.045513780000
-0.043092330000
-0.032527200000
-0.026782590000
-0.016448000000
-0.005851275000
-0.011247130000
-0.003442156000
0.011515050000
0.016332440000
0.020297090000
0.015120510000
0.006883914000
0.008447473000
0.009704007000
0.007283432000
0.013300290000
0.016950740000
0.019246630000
0.017610420000
0.011248530000
0.011453390000
0.009023600000
-0.004978105000
-0.014686640000
-0.013125190000
-0.016634180000
-0.025219700000
-0.027855580000
-0.026452260000
-0.024233970000
-0.018853690000
-0.009901373000
-0.011172520000
-0.012014260000
-0.005023422000
0.007705929000
0.015957480000
0.009068132000
-0.003321056000
-0.017039310000
-0.026512330000
-0.029425740000
-0.025142030000
-0.014951510000
-0.000154682100
0.014707420000
0.022120460000
0.025929840000
0.026874020000
0.009582642000
-0.004295824000
-0.002464258000
0.000558661300
0.004954494000
0.006455561000
0.013309580000
0.020409410000
0.026304620000
0.032587420000
0.029653500000
0.019900860000
0.015115620000
0.016504430000
0.010757320000
-0.000759935400
-0.017269080000
-0.030759040000
-0.030944110000
-0.014940780000
0.000146588500
0.010221670000
0.020012160000
0.026743670000
0.025781320000
0.023512330000
0.025433490000
0.015926570000
0.007988412000
0.002514560000
-0.008306139000
-0.023115040000
-0.029404910000
-0.025952770000
-0.018904120000
-0.006329108000
0.005813414000
0.006619650000
0.001836280000
0.000760602400
0.000288758700
-0.001407091000
-0.001378128000
0.006085609000
0.008323879000
0.009247363000
0.012648420000
0.019967290000
0.030915310000
0.033602350000
0.024127920000
0.010617350000
-0.003579689000
-0.017810400000
-0.025369290000
-0.019572310000
0.004948803000
0.019302550000
0.021191890000
0.026106550000
0.028181510000
0.020707230000
0.009630312000
0.001560342000
-0.011310770000
-0.022575400000
-0.028761440000
-0.032525000000
-0.037011750000
-0.040460130000
-0.034488820000
-0.024795540000
-0.018670220000
-0.008946361000
-0.003267819000
0.006011317000
0.017944490000
0.023175230000
0.018571130000
0.005147082000
-0.001421551000
-0.001693731000
-0.009695477000
-0.024465950000
-0.026796500000
-0.017934610000
-0.012791640000
-0.006165590000
-0.006811131000
-0.008297157000
-0.006263168000
-0.009671906000
-0.008180569000
-0.008433437000
-0.002077731000
0.002215529000
-0.001855215000
-0.012445800000
-0.021683890000
-0.024670380000
-0.024496930000
-0.017443590000
-0.008999979000
-0.003870363000
-0.003006391000
-0.007943165000
-0.004369063000
0.012849570000
0.018760480000
0.016750070000
0.017236610000
0.016376750000
0.019720300000
0.025946360000
0.030254830000
0.030445540000
0.025411810000
0.022281400000
0.024576360000
0.023084050000
0.020845110000
0.018939700000
0.018096100000
0.020985700000
0.018371370000
0.011039540000
0.001178104000
-0.007367534000
-0.015280780000
-0.020224810000
-0.017442340000
-0.018647050000
-0.018993960000
-0.014285740000
-0.008272954000
0.006549572000
0.021178290000
0.028862850000
0.025362080000
0.006927498000
-0.006122515000
-0.013168810000
-0.023567850000
-0.030615180000
-0.031369110000
-0.025110540000
-0.017617770000
-0.012202760000
-0.003079015000
0.008172439000
0.016148670000
0.022793800000
0.017235640000
-0.001848737000
-0.013826780000
-0.017935520000
-0.018377370000
-0.014105800000
-0.014754710000
-0.021913270000
-0.022495890000
-0.014392200000
-0.003657921000
0.002374151000
0.006089802000
0.008979250000
0.013446630000
0.019352220000
0.017851580000
0.004097675000
-0.005799609000
-0.007665414000
-0.012532060000
-0.017872000000
-0.018318990000
-0.004940899000
0.007654845000
0.016266470000
0.024650630000
0.024251570000
0.016926710000
0.007672002000
-0.001156343000
-0.006360629000
-0.010608150000
-0.008448045000
0.000172745100
0.002495034000
0.003654522000
0.006453150000
0.006383537000
0.011039590000
0.013710710000
0.009886474000
0.006378437000
0.002280841000
0.001609425000
0.001419448000
0.004331291000
0.007590954000
0.009788797000
0.009586581000
0.001713963000
-0.004689853000
-0.007950028000
-0.012157780000
-0.015625020000
-0.011476940000
-0.000709048300
0.006146118000
0.008692807000
0.008423275000
0.008109884000
0.008071895000
0.011424380000
0.011032460000
0.004143134000
0.000610630300
-0.002194612000
-0.002438633000
-0.002468452000
-0.005144149000
-0.010008760000
-0.008006737000
-0.003857608000
0.000849462000
0.007411915000
0.008895792000
0.006260909000
0.002389791000
0.001407314000
-0.000524779400
-0.003965450000
-0.004579698000
-0.001794282000
0.000903416900
0.000007658752
-0.000886055700
-0.004458286000
-0.006455634000
-0.002986798000
-0.000845997100
-0.001600973000
-0.003851265000
-0.004757192000
-0.004786935000
-0.004837074000
-0.004578148000
-0.002040538000
-0.000560662600
0.002517558000
0.008504822000
0.005671133000
-0.004300512000
-0.010522640000
-0.013242070000
-0.010055690000
-0.005019037000
-0.002276354000
-0.004188944000
-0.013035490000
-0.019974620000
-0.023921080000
-0.021045760000
-0.010827470000
-0.001824999000
0.000986074200
0.001455236000
0.002534363000
0.005707558000
0.011213500000
0.016063590000
0.022769070000
0.027811950000
0.028174060000
0.024065530000
0.018208710000
0.009222552000
0.001459377000
-0.003846608000
-0.007670525000
-0.008739416000
-0.008348675000
-0.000819966000
0.004510652000
0.011479400000
0.006283637000
-0.001076556000
-0.001645579000
-0.003257033000
-0.008341577000
-0.011690070000
-0.010700490000
-0.013494080000
-0.008523427000
-0.009283119000
-0.010605840000
-0.006969309000
0.000163793200
0.004317486000
0.006773912000
0.012807480000
0.018165840000
0.017847900000
0.013077670000
0.006744814000
0.004383851000
0.004739160000
0.003150363000
0.003233359000
0.001927127000
-0.001229371000
-0.003321995000
-0.005443166000
-0.011803440000
-0.019524390000
-0.023531490000
-0.017696610000
-0.010653010000
-0.004869099000
0.004577651000
0.006836310000
-0.001675607000
-0.008338233000
-0.011283890000
-0.013954750000
-0.007744583000
-0.007494307000
-0.007771887000
-0.001250772000
0.000120607100
0.000399283600
0.002075184000
0.009785947000
0.015900100000
0.015197120000
0.014951190000
0.013567210000
0.008946841000
0.004522575000
0.002618571000
0.000849884600
-0.004384466000
-0.003432953000
-0.005753339000
-0.005668452000
0.000171341500
-0.001021942000
-0.002470459000
-0.001773728000
0.003598920000
0.008763414000
0.008588099000
0.003892462000
-0.003469483000
-0.006774869000
-0.002278445000
0.003254896000
0.006679547000
0.008643555000
0.007533036000
0.004188602000
-0.001078739000
-0.005702210000
-0.006576257000
-0.005054225000
-0.003600990000
-0.001369635000
0.003112107000
0.007448746000
0.010840380000
0.011424180000
0.006388706000
0.001817622000
-0.000243088800
-0.003171164000
-0.007511426000
-0.011767480000
-0.013905360000
-0.013930920000
-0.010329450000
-0.005945086000
-0.002874897000
0.000601778400
0.004153997000
0.008082193000
0.007697834000
0.003125185000
-0.000603800300
-0.003666706000
-0.008246265000
-0.011861310000
-0.011799030000
-0.007267047000
-0.002566675000
-0.000339834500
0.002169180000
0.002618309000
0.001772724000
-0.001350665000
-0.004050095000
-0.003078827000
-0.000297321800
0.004130223000
0.007782520000
0.009443342000
0.008536101000
0.003260912000
-0.001733597000
-0.003405919000
-0.003699024000
-0.003378049000
-0.004218442000
-0.004448447000
-0.003452510000
-0.002203133000
-0.000465447000
0.000433604800
-0.000235332300
-0.001575496000
-0.002108020000
-0.002067059000
-0.001281761000
-0.000291729700
0.001241220000
0.003164449000
0.003319766000
0.002631167000
0.002043305000
0.001478135000
0.001269651000
0.000268351300
-0.001029433000
-0.001550582000
-0.001011843000
0.000296456100
0.001285106000
0.001368467000
0.001247808000
0.001407275000
0.001019316000
0.000516093200
0.000156942600
-0.000332197200
-0.000879617600
-0.001277523000
-0.001331378000
-0.001077542000
-0.000615460600
-0.000178812200
-0.000047865130
0.000035949370
0.000381820600
0.000810984500
0.000982266000
0.001031233000
0.001036574000
0.001029567000
0.001235028000
0.001498151000
0.001539675000
0.001262094000
0.001051815000
0.001048603000
0.000974042500
0.000745992900
0.000577087500
0.000577206600
0.000674216300
0.000717551900
0.000614648000
0.000573873400
0.000562604100
0.000539432000
0.000475494100
0.000384347100
0.000352546500
0.000379805200
0.000438385200
0.000462990300
0.000475571200
0.000497930400
0.000516526300
0.000528007600
0.000525570600
0.000486064800
0.000446086800
0.000404804900
0.000351472300
0.000307874000
0.000281675400
0.000268149500
0.000245088800
0.000213741700
0.000186309700
0.000171019100
0.000163950900
0.000156541100
0.000149140700
0.000140450400
0.000130276600
0.000119206200
0.000106915300
0.000097636160
0.000089312590
0.000080152620
0.000070974520
0.000061736800
0.000052389080
0.000043375690
0.000034383540
0.000025200100
0.000015709650
0.000005952137
-0.000003871162
-0.000013609820
-0.000023092950
-0.000032243850
-0.000041042940
-0.000049468080
-0.000057475870
0.000000000000
0.000000000000
0.000000000000
0.000000000000
0.000000000000
0.000000000000
0.000000000000
0.000000000000
0.000000000000
0.000000000000
0.000000000000
0.000000000000
0.000000000000
0.000000000000
0.000000000000
0.000000000000
0.000000000000
0.000000000000
0.000000000000
0.000000000000
0.000000000000
0.000000000000
0.000000000000
0.000000000000
0.000000000000
0.000000000000
0.000000000000
0.000000000000
0.000000000000
0.000000000000
0.000000000000
0.000000000000
0.000000000000
0.000000000000
0.000000000000
0.000000000000
0.000000000000
0.000000000000
0.000000000000
0.000000000000
0.000000000000
0.000000000000
0.000000000000
0.000000000000
0.000000000000
0.000000000000
0.000000000000
0.000000000000
0.000000000000
0.000000000000
0.000000000000
0.000000000000
0.000000000000
0.000000000000
0.000000000000
0.000000000000
0.000000000000
0.000000000000
0.000000000000
0.000000000000
0.000000000000
0.000000000000
0.000000000000
0.000000000000
0.000000000000
0.000000000000
0.000000000000
0.000000000000
0.000000000000
0.000000000000
0.000000000000
0.000000000000
0.000000000000
0.000000000000
0.000000000000
0.000000000000
0.000000000000
0.000000000000
0.000000000000
0.000000000000
0.000000000000
0.000000000000
0.000000000000
0.000000000000
0.000000000000
0.000000000000
0.000000000000
0.000000000000
0.000000000000
0.000000000000
0.000000000000
0.000000000000
0.000000000000
0.000000000000
0.000000000000
0.000000000000
0.000000000000
0.000000000000
0.000000000000
0.000000000000
0.000000000000
0.000000000000
0.000000000000
0.000000000000
0.000000000000
0.000000000000
0.000000000000
0.000000000000
0.000000000000
0.000000000000
0.000000000000
0.000000000000
0.000000000000
0.000000000000
0.000000000000
0.000000000000
0.000000000000
0.000000000000
0.000000000000
0.000000000000
0.000000000000
0.000000000000
0.000000000000
0.000000000000
0.000000000000
0.000000000000
0.000000000000
0.000000000000
0.000000000000
0.000000000000
0.000000000000
0.000000000000
0.000000000000
0.000000000000
0.000000000000
0.000000000000
0.000000000000
0.000000000000
0.000000000000
0.000000000000
0.000000000000
0.000000000000
0.000000000000
0.000000000000
0.000000000000
0.000000000000
0.000000000000
0.000000000000
0.000000000000
0.000000000000
0.000000000000
0.000000000000
0.000000000000
0.000000000000
0.000000000000
0.000000000000
0.000000000000
0.000000000000
0.000000000000
0.000000000000
0.000000000000
0.000000000000
0.000000000000
0.000000000000
0.000000000000
0.000000000000
0.000000000000
0.000000000000
0.000000000000
0.000000000000
0.000000000000
0.000000000000
0.000000000000
0.000000000000
0.000000000000
0.000000000000
0.000000000000
0.000000000000
0.000000000000
0.000000000000
0.000000000000
0.000000000000
0.000000000000
0.000000000000
0.000000000000
0.000000000000
0.000000000000
0.000000000000
0.000000000000
0.000000000000
0.000000000000
0.000000000000
0.000000000000
0.000000000000
0.000000000000
0.000000000000
0.000000000000
0.000000000000
0.000000000000
0.000000000000
0.000000000000
0.000000000000
0.000000000000
0.000000000000
0.000000000000
0.000000000000
0.000000000000
0.000000000000
0.000000000000
0.000000000000
0.000000000000
0.000000000000
0.000000000000
0.000000000000
0.000000000000
0.000000000000
0.000000000000
0.000000000000
0.000000000000
0.000000000000
0.000000000000
0.000000000000
0.000000000000
0.000000000000
0.000000000000
0.000000000000
0.000000000000
0.000000000000
0.000000000000
0.000000000000
0.000000000000
0.000000000000
0.000000000000
0.000000000000
0.000000000000
0.000000000000
0.000000000000
0.000000000000
0.000000000000
0.000000000000
0.000000000000
0.000000000000
0.000000000000
0.000000000000
0.000000000000
0.000000000000
0.000000000000
0.000000000000
0.000000000000
0.000000000000
