-0.001186201000
-0.001169096000
-0.001147671000
-0.001126614000
-0.001116505000
-0.001110745000
-0.001092853000
-0.001045910000
-0.000964857100
-0.000895003600
-0.000885272600
-0.000927867000
-0.000949129100
-0.000911233700
-0.000817152400
-0.000621549000
-0.000394067000
-0.000590377200
-0.001244587000
-0.001610543000
-0.000921599200
-0.000031188910
-0.000300162300
-0.000743768400
-0.000622619700
-0.000981484000
-0.001481748000
-0.000872119300
-0.000435263200
-0.000197709400
0.000285216700
-0.000071922300
-0.001926477000
-0.003868473000
-0.003465850000
-0.000739805200
0.001003648000
0.000673433500
-0.000174366200
-0.000696857100
-0.000610027900
0.000458031200
0.002177226000
0.003389308000
0.002423893000
-0.002044139000
-0.007146193000
-0.007563570000
-0.002524289000
0.004356841000
0.006045942000
-0.000599000800
-0.008932402000
-0.008889192000
0.000091227300
0.009578831000
0.009930825000
0.002091781000
-0.004303602000
-0.004186838000
-0.000810436900
0.004153056000
0.008201514000
0.005373531000
-0.003266884000
-0.007675194000
0.002297738000
0.022662910000
0.032685940000
0.017044890000
-0.009596884000
-0.024155000000
-0.018471620000
-0.002293016000
0.007929648000
0.005707796000
0.001762211000
0.009907587000
0.019451010000
0.009801906000
-0.011528480000
-0.021492690000
-0.012786880000
0.000849682700
0.004877021000
0.003042322000
0.005550959000
0.011234370000
0.009415767000
-0.003246603000
-0.007970871000
0.006493492000
0.022936570000
0.017073780000
-0.006593169000
-0.021885900000
-0.012672380000
0.002914461000
0.008173773000
0.006671847000
0.005258629000
0.009210238000
0.016141650000
0.015000000000
0.002970880000
-0.005764780000
-0.004241619000
-0.002967880000
-0.006779084000
-0.008628772000
0.001754291000
0.019340000000
0.024286540000
0.009723800000
-0.011148270000
-0.023505640000
-0.024079690000
-0.015435490000
-0.009143448000
-0.009403350000
-0.001043665000
0.012270910000
0.015583320000
0.011994290000
0.011197310000
0.006286154000
-0.004156076000
-0.004886505000
0.007611830000
0.012143870000
-0.001932009000
-0.024633080000
-0.039922520000
-0.038217020000
-0.018494460000
0.009431285000
0.034408210000
0.046797090000
0.035801030000
-0.004602923000
-0.043450660000
-0.050626490000
-0.033073280000
-0.012931810000
0.001617024000
0.009603092000
0.022693230000
0.041058820000
0.051572410000
0.042492350000
0.012314540000
-0.021239420000
-0.031907180000
-0.013316390000
0.005454775000
0.011209630000
0.016238320000
0.026978540000
0.024141330000
0.001295317000
-0.020534000000
-0.026399990000
-0.016418940000
-0.006337545000
-0.011614190000
-0.019787650000
-0.017821160000
-0.012795680000
-0.014281380000
-0.016392920000
-0.001315729000
0.034033780000
0.055996320000
0.044552220000
0.016544560000
-0.008020403000
-0.020837650000
-0.025815650000
-0.033547680000
-0.032066540000
-0.003741239000
0.033247900000
0.054008060000
0.052927810000
0.024498240000
-0.011107120000
-0.024872110000
-0.023953360000
-0.017837680000
-0.000419175700
0.013420010000
0.015385370000
0.015782560000
0.017257100000
0.011180260000
-0.007239978000
-0.018017070000
-0.014355530000
-0.006580523000
-0.002069907000
-0.003888428000
-0.003868959000
0.011181300000
0.034017700000
0.039858260000
0.022698810000
-0.005192581000
-0.035110300000
-0.036793480000
0.001449863000
0.039474980000
0.035906340000
0.005730016000
-0.005005840000
0.005778704000
0.016416380000
0.021277270000
0.014411750000
-0.000133192200
-0.013305950000
-0.020264180000
-0.013574250000
-0.006760402000
-0.019707710000
-0.034439060000
-0.031913200000
-0.017562930000
-0.005438964000
-0.005997967000
-0.018036350000
-0.032143120000
-0.032827120000
-0.009869385000
0.020084370000
0.020957750000
-0.004261655000
-0.015451330000
0.002496024000
0.027654930000
0.031257740000
0.017921690000
0.011218360000
0.014032010000
0.016766310000
0.009885158000
-0.013495200000
-0.036157350000
-0.041248220000
-0.043689770000
-0.056891630000
-0.068264610000
-0.066642670000
-0.054354040000
-0.045806810000
-0.054011400000
-0.055708460000
-0.032115550000
0.008298127000
0.042227630000
0.059936080000
0.071247470000
0.088719300000
0.097726290000
0.080077330000
0.050991990000
0.039057450000
0.053480010000
0.077038170000
0.090105610000
0.094000920000
0.095655740000
0.099448940000
0.103687600000
0.098506090000
0.088054500000
0.076207460000
0.042076690000
-0.016929190000
-0.073351890000
-0.094457730000
-0.087782650000
-0.078005060000
-0.076841780000
-0.091195290000
-0.114141900000
-0.111305600000
-0.084967360000
-0.066048170000
-0.065210460000
-0.073334110000
-0.082242810000
-0.096240960000
-0.073444820000
-0.009763750000
0.015679200000
-0.017022420000
-0.057730120000
-0.079432940000
-0.086312790000
-0.076805160000
-0.051926690000
-0.044673360000
-0.046139960000
-0.017994400000
0.018580650000
0.029376940000
0.028624370000
0.045546450000
0.065275810000
0.072637510000
0.083129310000
0.099860190000
0.104150300000
0.093016610000
0.054960340000
-0.024953810000
-0.108948900000
-0.128245500000
-0.068143170000
0.031955270000
0.090465830000
0.097380920000
0.086594040000
0.057241860000
0.004161397000
-0.028286450000
-0.000500163200
0.072746460000
0.135878600000
0.161919300000
0.175953100000
0.193871300000
0.205808600000
0.207148300000
0.197432800000
0.166975500000
0.132240800000
0.112836700000
0.087533590000
0.027943230000
-0.038132090000
-0.073403250000
-0.076793590000
-0.064792340000
-0.058157030000
-0.067505390000
-0.092210610000
-0.114759900000
-0.117503500000
-0.104159900000
-0.093857670000
-0.092417750000
-0.094112950000
-0.100085000000
-0.110652500000
-0.114999200000
-0.082425960000
-0.027656040000
-0.007322478000
-0.015504390000
-0.029549840000
-0.045205720000
-0.061724110000
-0.077289590000
-0.084381990000
-0.074671400000
-0.053034090000
-0.035053240000
-0.033305530000
-0.042154440000
-0.042372150000
-0.023265410000
0.002975699000
0.024249740000
0.033580190000
0.039643610000
0.063639830000
0.118281500000
0.168264000000
0.188647100000
0.189166200000
0.171049800000
0.151966100000
0.131934000000
0.082848170000
0.018545980000
-0.015455640000
-0.011836760000
0.009559205000
0.026728920000
-0.001848669000
-0.078315680000
-0.155285200000
-0.206553300000
-0.239424900000
-0.257699500000
-0.262227000000
-0.270383600000
-0.301829300000
-0.342941900000
-0.348928600000
-0.276744200000
-0.163807600000
-0.099471100000
-0.082311640000
-0.065344750000
-0.035636650000
0.003469966000
0.045584890000
0.083940730000
0.101321800000
0.097391490000
0.094312000000
0.108780900000
0.134066600000
0.165924900000
0.205838400000
0.231618700000
0.231686500000
0.203719200000
0.149408100000
0.088759120000
0.021499770000
-0.053871800000
-0.105299400000
-0.128749700000
-0.158193800000
-0.214048200000
-0.288429400000
-0.358188400000
-0.339199000000
-0.250867400000
-0.213406500000
-0.232719300000
-0.247014200000
-0.223257200000
-0.174426200000
-0.123301800000
-0.079067930000
-0.046535830000
-0.022113260000
0.005390967000
0.050912750000
0.101900700000
0.136020400000
0.188312900000
0.274670200000
0.345693000000
0.373171700000
0.386429700000
0.412551100000
0.438668000000
0.438266200000
0.415944600000
0.386734400000
0.365206100000
0.364855900000
0.364920200000
0.341297800000
0.295528900000
0.247612600000
0.215432700000
0.188294000000
0.147556700000
0.080078060000
-0.005777506000
-0.093438120000
-0.178817400000
-0.245568300000
-0.277701900000
-0.281833900000
-0.278171900000
-0.278167700000
-0.271185300000
-0.232678000000
-0.186124300000
-0.165389700000
-0.162777300000
-0.171902100000
-0.193473300000
-0.201705200000
-0.188787400000
-0.170841300000
-0.154295600000
-0.138278100000
-0.129888400000
-0.131120600000
-0.142782200000
-0.157871800000
-0.159643800000
-0.141418600000
-0.117410300000
-0.108771600000
-0.105986400000
-0.095523070000
-0.084860280000
-0.076627600000
-0.068571470000
-0.071123780000
-0.072939760000
-0.048918200000
-0.000026284950
0.053982980000
0.093341180000
0.091200340000
0.015989020000
-0.092802110000
-0.158864400000
-0.187459400000
-0.222490400000
-0.263403600000
-0.251312000000
-0.119979600000
0.051450220000
0.145261500000
0.186295100000
0.211294700000
0.237211900000
0.303572700000
0.403892000000
0.489757300000
0.530820300000
0.490528200000
0.438118500000
0.446884700000
0.493123700000
0.512479200000
0.504181200000
0.492064200000
0.477568800000
0.452689600000
0.413734000000
0.368360600000
0.319051000000
0.257879700000
0.172836900000
0.092026120000
0.043965720000
0.007525304000
-0.028231290000
-0.064003960000
-0.099148170000
-0.149462800000
-0.252888500000
-0.415359100000
-0.728660500000
-0.804271100000
-0.523983700000
-0.297879600000
-0.257309800000
-0.264325200000
-0.251818000000
-0.238657900000
-0.234857800000
-0.231608400000
-0.224161500000
-0.218710200000
-0.225205300000
-0.235022600000
-0.238327100000
-0.238435500000
-0.232739500000
-0.203387300000
-0.158989900000
-0.139014000000
-0.139657500000
-0.122449800000
-0.092647500000
-0.090160960000
-0.105461700000
-0.094528260000
-0.060689090000
-0.042042940000
-0.038625940000
-0.040499160000
-0.049813760000
-0.052946940000
-0.039246090000
-0.020330020000
-0.016101790000
-0.014836820000
0.004036773000
0.032921050000
0.052970010000
0.078948760000
0.135056000000
0.232547200000
0.364977100000
0.463778800000
0.462864300000
0.351397600000
0.252348500000
0.231870000000
0.221631200000
0.203725900000
0.189555500000
0.174330700000
0.150108500000
0.102269900000
0.032798780000
-0.050273450000
-0.126058200000
-0.192640600000
-0.245824400000
-0.290004200000
-0.327085900000
-0.348223000000
-0.300730500000
-0.164437500000
-0.048495300000
-0.005350130000
0.003119167000
-0.005185793000
0.009187049000
0.062026610000
0.101940000000
0.114034500000
0.112702900000
0.084055530000
0.027058190000
-0.015507930000
-0.038496650000
-0.054360440000
-0.051913980000
-0.048005010000
-0.058412110000
-0.069895440000
-0.067992730000
-0.041920310000
0.036345140000
0.130220800000
0.192773100000
0.237451600000
0.282057600000
0.311432900000
0.315869600000
0.307819900000
0.302323900000
0.314271400000
0.341792600000
0.377276100000
0.399016800000
0.388623200000
0.360269300000
0.328154200000
0.288835900000
0.248171300000
0.202971700000
0.154785100000
0.104484500000
0.054396020000
0.009802564000
-0.023490860000
-0.057921210000
-0.092888150000
-0.122992600000
-0.154219200000
-0.191331500000
-0.236682800000
-0.317794400000
-0.405056400000
-0.372256800000
-0.243326700000
-0.188336000000
-0.197237700000
-0.173949900000
-0.124259700000
-0.082681960000
-0.051141770000
-0.028441500000
-0.022197550000
-0.032975480000
-0.057534080000
-0.095410160000
-0.129729500000
-0.152694500000
-0.178940100000
-0.191927500000
-0.179857400000
-0.154756500000
-0.109805000000
-0.069522160000
-0.070538220000
-0.090553930000
-0.104424100000
-0.109842100000
-0.109821700000
-0.111078700000
-0.124507700000
-0.148064300000
-0.171811500000
-0.194428200000
-0.217305600000
-0.238203300000
-0.249063500000
-0.249158200000
-0.209715000000
-0.119661600000
-0.059660470000
-0.054791940000
-0.056820850000
-0.051831410000
-0.048238680000
-0.041574930000
-0.024994320000
-0.004631132000
0.016035260000
0.038128540000
0.064686970000
0.101788300000
0.157373200000
0.205536300000
0.226740000000
0.240909200000
0.258879100000
0.267070200000
0.250237300000
0.220875200000
0.205807900000
0.198001800000
0.185251300000
0.168052400000
0.149543900000
0.125527800000
0.083702230000
0.032694000000
-0.012172900000
-0.052085530000
-0.095824010000
-0.143037100000
-0.184552300000
-0.225167400000
-0.279629100000
-0.339804500000
-0.349882300000
-0.294842600000
-0.198954100000
-0.104962000000
-0.024301800000
0.042858070000
0.087293330000
0.107974900000
0.120521700000
0.132830900000
0.140548900000
0.149426100000
0.165821700000
0.184750100000
0.200910500000
0.206146900000
0.189342800000
0.156072400000
0.118352400000
0.085930300000
0.038594640000
-0.040120730000
-0.101806200000
-0.127526000000
-0.144138300000
-0.171035500000
-0.218835400000
-0.269462800000
-0.290076200000
-0.276574900000
-0.196047100000
-0.077862220000
0.009992877000
0.054021280000
0.065734800000
0.066896360000
0.065221960000
0.064063410000
0.067798610000
0.075767530000
0.082043650000
0.082936440000
0.079171040000
0.071881530000
0.066423450000
0.070872710000
0.096103050000
0.115302100000
0.113309700000
0.110852700000
0.116187800000
0.126785600000
0.140033800000
0.163579000000
0.201679300000
0.239289800000
0.259841200000
0.271481000000
0.286116400000
0.299333500000
0.304105800000
0.301843700000
0.290485500000
0.269957500000
0.238789600000
0.199621600000
0.159842100000
0.120919300000
0.085323630000
0.050256180000
0.019188190000
-0.013363020000
-0.046264950000
-0.080041370000
-0.124327300000
-0.172299700000
-0.211842400000
-0.237952600000
-0.271704600000
-0.329968200000
-0.389637600000
-0.405432900000
-0.372436500000
-0.316518200000
-0.261448500000
-0.216306100000
-0.181192300000
-0.160113400000
-0.147059700000
-0.127730900000
-0.100159500000
-0.071325550000
-0.055992100000
-0.057696700000
-0.069836320000
-0.080806070000
-0.084473460000
-0.083891270000
-0.079825120000
-0.069873310000
-0.058753790000
-0.049958960000
-0.041335720000
-0.031763740000
-0.017233980000
0.006807675000
0.035137850000
0.061977170000
0.082810930000
0.092577190000
0.089125340000
0.075820350000
0.062854780000
0.063366880000
0.081137530000
0.102839800000
0.122144200000
0.136815000000
0.139179900000
0.120650200000
0.085800310000
0.051896420000
0.037815650000
0.053486840000
0.080267510000
0.099308730000
0.099776530000
0.080002120000
0.047990970000
0.016748590000
-0.009406277000
-0.032182730000
-0.058123860000
-0.084911000000
-0.112507000000
-0.135279600000
-0.150795500000
-0.151582500000
-0.133261100000
-0.102400800000
-0.076540670000
-0.066035710000
-0.068452270000
-0.074940730000
-0.075117220000
-0.060341430000
-0.023877880000
0.011810990000
0.029401210000
0.037304350000
0.044486770000
0.053168840000
0.062167710000
0.067787850000
0.068194410000
0.058028400000
0.036257700000
0.013271690000
-0.001402204000
0.002305260000
0.021180500000
0.042280440000
0.057880430000
0.062037640000
0.057111870000
0.043084790000
0.023418810000
0.006438109000
0.001635556000
0.014199190000
0.041532400000
0.070494770000
0.089916190000
0.092053330000
0.086511650000
0.079836040000
0.071258130000
0.060736520000
0.051663230000
0.042865440000
0.033837230000
0.027412560000
0.022685850000
0.017178950000
0.012445250000
0.010478480000
0.011090600000
0.010674670000
0.004904876000
-0.007949497000
-0.028507200000
-0.050364020000
-0.069641450000
-0.083740060000
-0.092373170000
-0.098872740000
-0.105879900000
-0.112400600000
-0.117683000000
-0.118529900000
-0.105242100000
-0.079204220000
-0.055776460000
-0.044609550000
-0.040153030000
-0.031512730000
-0.013122980000
0.008951663000
0.021959980000
0.018236330000
-0.001317793000
-0.028441030000
-0.052163560000
-0.061603900000
-0.056107440000
-0.044024620000
-0.033399310000
-0.027498830000
-0.023764590000
-0.018581210000
-0.012514610000
-0.007544492000
-0.007070958000
-0.013556120000
-0.026377600000
-0.041610280000
-0.049790210000
-0.043977500000
-0.023079010000
0.004506179000
0.023717290000
0.031268640000
0.035059910000
0.039336520000
0.044402220000
0.049953440000
0.055690410000
0.061409640000
0.067081910000
0.072213340000
0.076179110000
0.078886970000
0.080248850000
0.082742740000
0.090344200000
0.099861350000
0.107294800000
0.108501800000
0.100301200000
0.080175570000
0.051029640000
0.025418460000
0.003786076000
-0.015616940000
-0.034201240000
-0.052572750000
-0.070324610000
-0.085332250000
-0.092363910000
-0.089255180000
-0.080370960000
-0.070077750000
-0.063747960000
-0.061982120000
-0.057898410000
-0.046541810000
-0.026847320000
-0.003824175000
0.013834070000
0.022590630000
0.025950240000
0.029627770000
0.030210330000
0.025085250000
0.020037510000
0.014248520000
0.003632826000
-0.007313492000
-0.011686470000
-0.010552040000
-0.007337845000
-0.004245986000
-0.003645463000
-0.006854578000
-0.013641420000
-0.023916970000
-0.036562440000
-0.053602170000
-0.072080910000
-0.082730970000
-0.084865260000
-0.080379080000
-0.071127250000
-0.060996510000
-0.048952240000
-0.035056170000
-0.021409840000
-0.008979261000
-0.000432210000
0.006667013000
0.015928820000
0.026719470000
0.037157700000
0.045475710000
0.048636140000
0.045222980000
0.037491150000
0.030174520000
0.026830300000
0.026561820000
0.025838220000
0.020439650000
0.010124080000
0.001430203000
-0.003896100000
-0.009260357000
-0.016791100000
-0.027806630000
-0.040638520000
-0.051487630000
-0.056870600000
-0.056843050000
-0.050956660000
-0.033425570000
-0.007387784000
0.014870930000
0.026437750000
0.031940780000
0.035351570000
0.036841980000
0.037943890000
0.043054500000
0.052031780000
0.058791850000
0.056340990000
0.042396700000
0.020222530000
0.000732322300
-0.006596280000
-0.001501205000
0.013507800000
0.029710500000
0.036934630000
0.035398070000
0.031848330000
0.028335510000
0.025491520000
0.024018080000
0.021674350000
0.016828590000
0.011995580000
0.011750360000
0.016537670000
0.023263840000
0.028199500000
0.030509160000
0.030502470000
0.030658470000
0.033196400000
0.036358240000
0.037265000000
0.033069410000
0.021562600000
0.006529855000
-0.002435124000
-0.001202499000
0.007621009000
0.017460070000
0.023115950000
0.024486700000
0.022468860000
0.019898170000
0.020530770000
0.025291910000
0.033816680000
0.042653940000
0.047385810000
0.047443670000
0.042862380000
0.030466320000
0.010659100000
-0.009427767000
-0.022916220000
-0.030691580000
-0.037431080000
-0.044669710000
-0.052560050000
-0.061509070000
-0.073481430000
-0.087200760000
-0.098116940000
-0.103992400000
-0.104104100000
-0.098174300000
-0.083515470000
-0.060072300000
-0.035677900000
-0.014377120000
-0.000415348400
0.006209746000
0.009910247000
0.012058170000
0.012487100000
0.010113910000
0.005695692000
-0.000593270500
-0.010305910000
-0.026106310000
-0.041492530000
-0.049165400000
-0.050804570000
-0.050436760000
-0.050694680000
-0.052943920000
-0.056799490000
-0.059865720000
-0.060432930000
-0.059674690000
-0.058782100000
-0.057719490000
-0.054230790000
-0.046724830000
-0.033321460000
-0.017926490000
-0.007750905000
-0.004523934000
-0.004612291000
-0.003893773000
-0.001498699000
0.002897427000
0.009208987000
0.016619660000
0.029167260000
0.045689320000
0.062408580000
0.077969360000
0.091752240000
0.105065500000
0.117676900000
0.128910300000
0.139884400000
0.150066300000
0.157062900000
0.159119400000
0.156352900000
0.149136000000
0.138107200000
0.124135500000
0.110170800000
0.098141680000
0.088322850000
0.076629960000
0.055244740000
0.026638260000
-0.001017010000
-0.024443020000
-0.040261980000
-0.052355600000
-0.064619350000
-0.078719330000
-0.092392670000
-0.099563690000
-0.099085330000
-0.093637530000
-0.083552670000
-0.072389430000
-0.064160330000
-0.056640890000
-0.046191900000
-0.032988350000
-0.019914540000
-0.011225440000
-0.009825216000
-0.013427950000
-0.016867800000
-0.015251390000
-0.007317812000
0.005484085000
0.018102230000
0.025901870000
0.027877890000
0.027153980000
0.024176200000
0.015788460000
-0.005794033000
-0.036079000000
-0.057197150000
-0.063124590000
-0.062179920000
-0.057121380000
-0.046807780000
-0.031066950000
-0.012974040000
0.004385906000
0.019518430000
0.024301130000
0.018974630000
0.014432880000
0.014913420000
0.021606380000
0.031355050000
0.036028730000
0.035994420000
0.036115720000
0.037858640000
0.039165900000
0.037860000000
0.032754050000
0.026356900000
0.015375800000
-0.002068353000
-0.020186780000
-0.033195910000
-0.038177250000
-0.037955680000
-0.034959040000
-0.030388970000
-0.025323960000
-0.020406090000
-0.015840680000
-0.010361040000
-0.001825564000
0.005952934000
0.009516675000
0.009486863000
0.005759312000
0.000762430900
-0.000393459800
0.002336461000
0.006282749000
0.009261730000
0.009913781000
0.007361754000
-0.000244978800
-0.013673620000
-0.026906920000
-0.033044440000
-0.033946120000
-0.031754270000
-0.026753420000
-0.017653690000
-0.006874992000
0.000232834700
0.000463186100
-0.006099478000
-0.015302780000
-0.022020100000
-0.023905420000
-0.017467600000
-0.003358551000
0.011791770000
0.025357200000
0.032339560000
0.028200610000
0.017097120000
0.005205757000
-0.002227803000
-0.003436946000
-0.000545120400
0.004330352000
0.008383673000
0.007171709000
-0.001297589000
-0.013916780000
-0.024545030000
-0.031065720000
-0.035629570000
-0.038882660000
-0.041624350000
-0.043973960000
-0.045533020000
-0.043682400000
-0.036600500000
-0.025699580000
-0.013739930000
-0.002896887000
0.004392695000
0.008343744000
0.009448835000
0.007305444000
0.001810163000
-0.005128796000
-0.007966650000
-0.003580923000
0.004151697000
0.011829880000
0.015590150000
0.011270540000
0.000340704300
-0.011381010000
-0.019520950000
-0.023063810000
-0.022544990000
-0.017981610000
-0.012083350000
-0.007175928000
-0.002431525000
0.004111339000
0.014118240000
0.024556320000
0.030998710000
0.034497430000
0.035659730000
0.036328240000
0.038053410000
0.039300790000
0.038349410000
0.035313460000
0.031736140000
0.030447670000
0.033667790000
0.039406450000
0.045159780000
0.049132680000
0.049192990000
0.043325430000
0.033120590000
0.020754010000
0.009581713000
0.002245060000
-0.001112335000
-0.000247729000
0.003352012000
0.007686270000
0.009928374000
0.008240754000
0.003312105000
-0.003873337000
-0.011439630000
-0.018777430000
-0.026707600000
-0.035044260000
-0.039708480000
-0.039604210000
-0.034904420000
-0.026877170000
-0.019478180000
-0.017782460000
-0.021585690000
-0.026123660000
-0.029046530000
-0.030132200000
-0.029105230000
-0.023399180000
-0.014812920000
-0.008472958000
-0.004783119000
-0.003097222000
-0.003409675000
-0.003944492000
-0.003863656000
-0.003503919000
-0.003380511000
-0.003285783000
-0.001094661000
0.007347289000
0.018396600000
0.027037760000
0.034851380000
0.043881210000
0.049788730000
0.050666400000
0.044082500000
0.028798170000
0.011217120000
-0.003059234000
-0.007268136000
-0.000149366000
0.006642237000
0.005691443000
-0.003205841000
-0.015691470000
-0.023787080000
-0.027296900000
-0.028849690000
-0.031296250000
-0.035854340000
-0.042516160000
-0.048970650000
-0.051094130000
-0.048632900000
-0.045124580000
-0.041997530000
-0.040109370000
-0.038410910000
-0.036723280000
-0.033505940000
-0.027318740000
-0.016728050000
-0.004462311000
0.006991614000
0.018450640000
0.029329310000
0.036741860000
0.039276300000
0.039908700000
0.042174660000
0.047281060000
0.052933880000
0.057304600000
0.060007800000
0.058942490000
0.054004940000
0.044704300000
0.031625230000
0.017883470000
0.006573474000
-0.000707409100
-0.005003046000
-0.008627455000
-0.013475980000
-0.019640410000
-0.025544010000
-0.028976410000
-0.029823320000
-0.030715100000
-0.031986760000
-0.031330040000
-0.025843510000
-0.012954240000
0.005574149000
0.022009260000
0.031271890000
0.037886830000
0.044403450000
0.050789030000
0.055031190000
0.054797350000
0.047436720000
0.031884890000
0.011047880000
-0.006367526000
-0.016395930000
-0.023266230000
-0.031868780000
-0.041115370000
-0.048074920000
-0.052881400000
-0.054976100000
-0.051791320000
-0.041033850000
-0.024341970000
-0.008410426000
0.000565136300
0.005647845000
0.007344576000
0.006152452000
0.002827476000
-0.003187480000
-0.010512420000
-0.012355540000
-0.005633386000
0.007582127000
0.018564320000
0.022270060000
0.021331570000
0.017415940000
0.011796700000
0.007241434000
0.004095790000
0.002116043000
0.003282565000
0.006389566000
0.009104619000
0.011505270000
0.013401860000
0.014994950000
0.015459710000
0.013511760000
0.010921530000
0.007957346000
0.006576527000
0.005947946000
0.005128852000
0.006468071000
0.009172257000
0.010800910000
0.009132752000
0.005682769000
0.001332771000
-0.002404287000
-0.003311160000
-0.002276363000
-0.001935921000
-0.002836292000
-0.002867640000
0.000642807900
0.008622175000
0.015129790000
0.016227630000
0.012691170000
0.010906440000
0.011475390000
0.013390350000
0.015248370000
0.015675420000
0.016545340000
0.018605880000
0.020357880000
0.019535540000
0.015815680000
0.010704400000
0.006064406000
0.001869679000
-0.003390849000
-0.010237070000
-0.015805210000
-0.019204990000
-0.021106520000
-0.021717560000
-0.021757860000
-0.022477040000
-0.025353790000
-0.028945370000
-0.029704980000
-0.025805680000
-0.018661810000
-0.011639370000
-0.007442558000
-0.005593818000
-0.006617277000
-0.009156808000
-0.010387470000
-0.008142353000
-0.002416702000
0.003896426000
0.007174039000
0.006765800000
0.003328588000
-0.003785518000
-0.013334630000
-0.024260920000
-0.031786520000
-0.035009030000
-0.036979640000
-0.037310640000
-0.036106710000
-0.031898700000
-0.026848890000
-0.023294940000
-0.022241780000
-0.021493700000
-0.018394900000
-0.014325550000
-0.013016570000
-0.015848890000
-0.018975650000
-0.019139800000
-0.015180840000
-0.007248894000
0.002575254000
0.012107450000
0.018630390000
0.023242480000
0.026198030000
0.025411730000
0.021111210000
0.013667360000
0.001679579000
-0.010829790000
-0.016992520000
-0.019306950000
-0.021589170000
-0.023064440000
-0.023687230000
-0.024245270000
-0.021027410000
-0.014174580000
-0.007330126000
-0.000360352400
0.007575041000
0.017091580000
0.026276010000
0.034491790000
0.041609900000
0.045193190000
0.044431520000
0.042931940000
0.044171100000
0.047206340000
0.049644990000
0.050617170000
0.051178770000
0.048901150000
0.041949770000
0.029772160000
0.016751220000
0.004533808000
-0.007638680000
-0.019957040000
-0.031746010000
-0.040765310000
-0.044664140000
-0.043844620000
-0.039807460000
-0.034070210000
-0.028076080000
-0.022789280000
-0.019852830000
-0.020167700000
-0.021639790000
-0.021672810000
-0.019934320000
-0.018567690000
-0.019484360000
-0.021159290000
-0.020522650000
-0.016392560000
-0.009235065000
-0.000965365400
0.004615628000
0.007707016000
0.012415590000
0.019047090000
0.023870250000
0.025292080000
0.023638290000
0.018450120000
0.010461750000
0.002472365000
-0.003527401000
-0.008460992000
-0.012865720000
-0.017183870000
-0.018128000000
-0.012402910000
-0.003734747000
0.002004834000
0.002621476000
0.000103128700
-0.002320795000
-0.004087601000
-0.002954327000
0.001565506000
0.005098668000
0.005977513000
0.008010165000
0.013713440000
0.022112090000
0.028651900000
0.030487000000
0.029881270000
0.027553560000
0.022266870000
0.014577960000
0.007302538000
0.004591525000
0.003410348000
-0.000532382900
-0.005984651000
-0.010749930000
-0.015812100000
-0.021264080000
-0.025605110000
-0.028286590000
-0.028740310000
-0.027660860000
-0.023414050000
-0.015666610000
-0.007166204000
-0.001220721000
0.001462415000
0.003562895000
0.006645037000
0.010444410000
0.015000730000
0.019138780000
0.021921620000
0.023428380000
0.022802760000
0.020824650000
0.019471410000
0.017584240000
0.013997950000
0.008792613000
0.002807302000
-0.002098580000
-0.004696195000
-0.005954033000
-0.008579699000
-0.012817950000
-0.018353160000
-0.024032020000
-0.027912930000
-0.029039080000
-0.028707300000
-0.027659180000
-0.023116770000
-0.015210400000
-0.004898744000
0.005551076000
0.013330990000
0.016857280000
0.018840520000
0.020100670000
0.021574110000
0.023173170000
0.024283430000
0.026154170000
0.028730270000
0.030445470000
0.031551430000
0.031260100000
0.029126690000
0.024812900000
0.018778440000
0.014444520000
0.013985070000
0.015406860000
0.016629060000
0.014912750000
0.009203209000
-0.000510976800
-0.011769130000
-0.020357490000
-0.025074320000
-0.027177760000
-0.028969640000
-0.031773750000
-0.035622000000
-0.039589600000
-0.042885300000
-0.044967210000
-0.045910530000
-0.045908930000
-0.045124480000
-0.040639150000
-0.028493770000
-0.013295180000
0.000670208400
0.008839950000
0.009645377000
0.007076230000
0.005285319000
0.004438265000
0.003508089000
0.004293316000
0.006973928000
0.011784010000
0.016422780000
0.020027650000
0.022538310000
0.024019420000
0.024256790000
0.023290680000
0.020053790000
0.016024170000
0.010549680000
0.002590781000
-0.008391426000
-0.015603460000
-0.015368110000
-0.010936140000
-0.005520543000
-0.002394661000
-0.003832201000
-0.007091495000
-0.008332086000
-0.007069651000
-0.004431196000
-0.000757506500
0.002449686000
0.004520907000
0.005047678000
0.003878408000
-0.000132572100
-0.004497828000
-0.005406765000
-0.004223265000
-0.001396274000
0.002162557000
0.006497021000
0.011543040000
0.017966990000
0.026727940000
0.034506760000
0.037419160000
0.036872180000
0.035920910000
0.037521360000
0.041657510000
0.044094060000
0.043019070000
0.037354610000
0.026799870000
0.013107890000
-0.000828114200
-0.013117720000
-0.021092050000
-0.026275260000
-0.029043830000
-0.028924430000
-0.026579160000
-0.020298990000
-0.010918100000
-0.001628941000
0.006557428000
0.013322940000
0.020000410000
0.025134410000
0.028475950000
0.030518660000
0.031581410000
0.031075140000
0.029132350000
0.026359400000
0.022732110000
0.014446060000
0.001317778000
-0.007004408000
-0.010389250000
-0.013578720000
-0.016603800000
-0.019523380000
-0.021708960000
-0.022853430000
-0.022789930000
-0.021770110000
-0.019930790000
-0.016631420000
-0.009453805000
0.001043365000
0.010417670000
0.015793010000
0.019279160000
0.023593760000
0.026602360000
0.027863000000
0.026408650000
0.022725900000
0.017870630000
0.014411880000
0.013397680000
0.011933050000
0.009681833000
0.007575576000
0.005505022000
0.004860911000
0.003392867000
-0.002004215000
-0.009876637000
-0.016564610000
-0.023169840000
-0.028700260000
-0.033713440000
-0.037838390000
-0.038724060000
-0.037190540000
-0.035507490000
-0.034568110000
-0.033780800000
-0.031566960000
-0.026276480000
-0.018418310000
-0.009003067000
-0.000536374700
0.006212720000
0.011397850000
0.015286910000
0.016998910000
0.016672560000
0.014173540000
0.009520733000
0.003303058000
-0.003746868000
-0.008589971000
-0.009327292000
-0.006845238000
-0.004476726000
-0.003217223000
-0.001856391000
-0.000042756750
0.003268449000
0.008136868000
0.010500390000
0.008925808000
0.003864068000
-0.000879847700
-0.002375760000
-0.002023103000
-0.002158691000
-0.004682125000
-0.009442567000
-0.012735560000
-0.012403030000
-0.009212738000
-0.004349475000
0.001840825000
0.009081936000
0.017174810000
0.022553680000
0.024705300000
0.024213540000
0.020914920000
0.016543910000
0.009673556000
-0.000505484200
-0.010046370000
-0.017544050000
-0.024966400000
-0.033692910000
-0.040948810000
-0.042872410000
-0.037963190000
-0.028025690000
-0.017346700000
-0.009970915000
-0.008562800000
-0.009321446000
-0.010288290000
-0.012994680000
-0.016942420000
-0.021287430000
-0.024079100000
-0.023262020000
-0.018298580000
-0.010880550000
-0.002257938000
0.007613643000
0.016259170000
0.021927990000
0.024859840000
0.023839740000
0.020769050000
0.019474490000
0.019831000000
0.019991940000
0.019835120000
0.018377940000
0.014949960000
0.010003750000
0.001956013000
-0.008687049000
-0.017487490000
-0.023854090000
-0.029260340000
-0.032879580000
-0.033469410000
-0.031405830000
-0.027281860000
-0.019100890000
-0.009065628000
0.000570587600
0.008205590000
0.011113530000
0.010491200000
0.010046700000
0.010273570000
0.011644890000
0.014392050000
0.016291120000
0.018193340000
0.019821470000
0.020704030000
0.020661440000
0.017634970000
0.009113989000
-0.002952594000
-0.012891650000
-0.016800420000
-0.016104730000
-0.013965820000
-0.012336660000
-0.010129890000
-0.008292105000
-0.005810908000
-0.004060299000
-0.004117665000
-0.004381708000
-0.004134948000
-0.001562205000
0.003776086000
0.009177277000
0.011885630000
0.012847950000
0.012655470000
0.011065490000
0.009835741000
0.009903043000
0.010593070000
0.011395820000
0.010123380000
0.006737893000
0.004808595000
0.005182267000
0.007215575000
0.009758429000
0.010342920000
0.009068164000
0.005928270000
0.003097935000
0.000773233600
-0.000710372300
-0.003209732000
-0.008801263000
-0.017204300000
-0.024423060000
-0.028092140000
-0.027864710000
-0.025923430000
-0.024128220000
-0.023291560000
-0.021979840000
-0.019764430000
-0.018316780000
-0.016971820000
-0.014754290000
-0.012736770000
-0.009785573000
-0.006007314000
-0.002289124000
0.002297194000
0.007736504000
0.010696030000
0.011868850000
0.012268700000
0.010881670000
0.009691621000
0.009748015000
0.009292706000
0.006819970000
0.001860594000
-0.003301863000
-0.007327394000
-0.009375437000
-0.008695504000
-0.007116812000
-0.006706985000
-0.006616477000
-0.005184538000
-0.004372233000
-0.004733710000
-0.005051808000
-0.004698554000
-0.004552667000
-0.004427523000
-0.001964137000
0.002077561000
0.006320514000
0.010663820000
0.014055000000
0.015360410000
0.016945840000
0.020047310000
0.023606790000
0.025144880000
0.024724200000
0.025457500000
0.027019560000
0.027152410000
0.025320540000
0.021850160000
0.017101810000
0.013226440000
0.010673000000
0.009243321000
0.007077523000
0.003749968000
-0.000503284200
-0.004992200000
-0.008054277000
-0.009476654000
-0.009705028000
-0.009594615000
-0.009595873000
-0.009990658000
-0.011934510000
-0.014694570000
-0.018095770000
-0.022255810000
-0.026610420000
-0.029135420000
-0.028815010000
-0.025770040000
-0.020216940000
-0.011275820000
0.000081189410
0.010011720000
0.015689880000
0.018854270000
0.019647940000
0.019331290000
0.019252110000
0.018719370000
0.016093650000
0.012146170000
0.008380648000
0.005416717000
0.003274608000
0.000361265500
-0.003114051000
-0.006322474000
-0.009168757000
-0.009575778000
-0.007657199000
-0.007179955000
-0.008930139000
-0.010842200000
-0.013099570000
-0.014739130000
-0.015295860000
-0.017244470000
-0.019639770000
-0.021150700000
-0.023389940000
-0.024726830000
-0.023087220000
-0.018181010000
-0.011363080000
-0.003376660000
0.003212438000
0.006708940000
0.008363112000
0.009140924000
0.009305040000
0.009236888000
0.009223557000
0.009238896000
0.009224286000
0.008563489000
0.006763293000
0.004125506000
-0.000660638700
-0.007072722000
-0.013158640000
-0.015719340000
-0.015900850000
-0.014932930000
-0.011269070000
-0.005751775000
-0.000482298100
0.002841872000
0.004504822000
0.005866830000
0.008219882000
0.010141280000
0.012321760000
0.013987760000
0.014268430000
0.013730580000
0.011029110000
0.005734577000
-0.002615024000
-0.009922858000
-0.013774780000
-0.014285200000
-0.009488695000
-0.001655391000
0.003959118000
0.006943297000
0.009608151000
0.012397530000
0.014207500000
0.014086410000
0.011867910000
0.009219488000
0.008168438000
0.007428589000
0.005133138000
0.001829352000
-0.000563494300
-0.000766684500
0.000008485540
0.001844394000
0.002534467000
0.001859959000
0.001773800000
0.003276391000
0.005982386000
0.009952239000
0.013827300000
0.015636340000
0.013992800000
0.009368131000
0.004507505000
0.002351273000
0.003438809000
0.006222609000
0.010109780000
0.013316470000
0.014899440000
0.015261370000
0.014673500000
0.013851430000
0.012539730000
0.010107150000
0.008758647000
0.008899742000
0.009077167000
0.008359056000
0.005508308000
0.002172822000
-0.001623981000
-0.005150095000
-0.006325445000
-0.007370701000
-0.007919246000
-0.007016923000
-0.005425101000
-0.004130785000
-0.001949872000
-0.000219329100
0.000940956100
0.002210772000
0.003778770000
0.004959841000
0.007577710000
0.009536091000
0.009936061000
0.009104689000
0.006793298000
0.004275835000
0.002773138000
0.000624091300
-0.001348628000
-0.003859059000
-0.004627966000
-0.005588833000
-0.007835108000
-0.009534935000
-0.010069690000
-0.010366540000
-0.009721558000
-0.009139510000
-0.008416947000
-0.006475019000
-0.004511324000
-0.002773785000
0.000822923900
0.005054175000
0.008678736000
0.012337410000
0.016306780000
0.019636200000
0.022150680000
0.023184960000
0.021862220000
0.019802970000
0.017850570000
0.014525930000
0.009468401000
0.004862767000
0.001815213000
-0.000698046500
-0.003784980000
-0.007576305000
-0.009413331000
-0.007448013000
-0.005103685000
-0.002902514000
-0.001098832000
-0.001719379000
-0.004548435000
-0.006798457000
-0.008177100000
-0.009293881000
-0.009965979000
-0.009373471000
-0.006796398000
-0.003351051000
0.000589150500
0.004165380000
0.006535224000
0.007668470000
0.009200463000
0.011152730000
0.012572050000
0.014526790000
0.016241080000
0.016499020000
0.015234240000
0.012990570000
0.009864713000
0.005775820000
0.001815539000
-0.001093233000
-0.003218518000
-0.005715884000
-0.008580820000
-0.011194930000
-0.013041820000
-0.013955310000
-0.013331740000
-0.011332960000
-0.009774783000
-0.009414006000
-0.008979959000
-0.006823310000
-0.003488269000
-0.000599566400
0.000648805600
-0.000510319400
-0.002219439000
-0.002969605000
-0.004256939000
-0.006702581000
-0.009607637000
-0.012137650000
-0.012525240000
-0.011065430000
-0.008950698000
-0.007989973000
-0.007294990000
-0.006198841000
-0.004804359000
-0.003575691000
-0.002169313000
-0.001095673000
-0.001378207000
-0.003075529000
-0.004881537000
-0.006486413000
-0.007429632000
-0.007592712000
-0.007233410000
-0.006519181000
-0.004366150000
-0.002037302000
-0.000397020200
0.001010852000
0.002152194000
0.002085580000
0.000510051400
-0.002026195000
-0.004149194000
-0.004833782000
-0.004098748000
-0.002515192000
-0.000311082100
0.001638062000
0.002960543000
0.003627559000
0.004102219000
0.004030531000
0.003719783000
0.002858743000
0.000586313600
-0.002505508000
-0.005912880000
-0.008734943000
-0.010335540000
-0.010563320000
-0.009260486000
-0.007550452000
-0.005804957000
-0.004193048000
-0.002026086000
0.000874969400
0.003293271000
0.004433986000
0.004254736000
0.003362944000
0.002382923000
0.000838294500
-0.001132516000
-0.003363665000
-0.005945255000
-0.007894840000
-0.008636800000
-0.008572183000
-0.008192180000
-0.008003637000
-0.007915496000
-0.007625960000
-0.007521751000
-0.007629439000
-0.007488011000
-0.006767583000
-0.005375048000
-0.003803339000
-0.002313726000
-0.001286585000
-0.000670224100
-0.000035283450
0.000552891500
0.001246166000
0.001861317000
0.002403922000
0.002871511000
0.003224836000
0.003180579000
0.003009580000
0.002909308000
0.002781315000
0.002493469000
0.002087119000
0.001775082000
0.001405323000
0.000835100500
0.000205042000
-0.000237147700
-0.000423131800
-0.000279835500
-0.000056096410
0.000134568600
0.000462120400
0.000985234000
0.001624485000
0.002142802000
0.002493307000
0.002596489000
0.002494790000
0.002387730000
0.002319450000
0.002273846000
0.002257717000
0.002213894000
0.002161717000
0.002131205000
0.002044825000
0.001884763000
0.001634492000
0.001337417000
0.001103813000
0.001014682000
0.001023376000
0.001051631000
0.001069701000
0.001083694000
0.001096620000
0.001102021000
0.001081990000
0.001076365000
0.001089574000
0.001101228000
0.001133492000
0.001176948000
0.001199017000
0.001192709000
0.001174827000
0.001145534000
0.001112226000
0.001085720000
0.001053250000
0.001010115000
0.000964278300
0.000929108500
0.000907601900
0.000889366900
0.000869503100
0.000844552900
0.000820008400
0.000800324000
0.000783587200
0.000766372000
0.000747418600
0.000727518100
0.000706264100
0.000684264000
0.000662818400
0.000642320700
0.000622103200
0.000602177700
0.000582524000
0.000563005600
0.000543728800
0.000524935500
0.000506744200
0.000489187500
0.000472284000
0.000456030300
0.000440430000
0.000425488700
0.000411209800
0.000397594800
0.000000000000
0.000000000000
0.000000000000
0.000000000000
0.000000000000
0.000000000000
0.000000000000
0.000000000000
0.000000000000
0.000000000000
0.000000000000
0.000000000000
0.000000000000
0.000000000000
0.000000000000
0.000000000000
0.000000000000
0.000000000000
0.000000000000
0.000000000000
0.000000000000
0.000000000000
0.000000000000
0.000000000000
0.000000000000
0.000000000000
0.000000000000
0.000000000000
0.000000000000
0.000000000000
0.000000000000
0.000000000000
0.000000000000
0.000000000000
0.000000000000
0.000000000000
0.000000000000
0.000000000000
0.000000000000
0.000000000000
0.000000000000
0.000000000000
0.000000000000
0.000000000000
0.000000000000
0.000000000000
0.000000000000
0.000000000000
0.000000000000
0.000000000000
0.000000000000
0.000000000000
0.000000000000
0.000000000000
0.000000000000
0.000000000000
0.000000000000
0.000000000000
0.000000000000
0.000000000000
0.000000000000
0.000000000000
0.000000000000
0.000000000000
0.000000000000
0.000000000000
0.000000000000
0.000000000000
0.000000000000
0.000000000000
0.000000000000
0.000000000000
0.000000000000
0.000000000000
0.000000000000
0.000000000000
0.000000000000
0.000000000000
0.000000000000
0.000000000000
0.000000000000
0.000000000000
0.000000000000
0.000000000000
0.000000000000
0.000000000000
0.000000000000
0.000000000000
0.000000000000
0.000000000000
0.000000000000
0.000000000000
0.000000000000
0.000000000000
0.000000000000
0.000000000000
0.000000000000
0.000000000000
0.000000000000
0.000000000000
0.000000000000
0.000000000000
0.000000000000
0.000000000000
0.000000000000
0.000000000000
0.000000000000
0.000000000000
0.000000000000
0.000000000000
0.000000000000
0.000000000000
0.000000000000
0.000000000000
0.000000000000
0.000000000000
0.000000000000
0.000000000000
0.000000000000
0.000000000000
0.000000000000
0.000000000000
0.000000000000
0.000000000000
0.000000000000
0.000000000000
0.000000000000
0.000000000000
0.000000000000
0.000000000000
0.000000000000
0.000000000000
0.000000000000
0.000000000000
0.000000000000
0.000000000000
0.000000000000
0.000000000000
0.000000000000
0.000000000000
0.000000000000
0.000000000000
0.000000000000
0.000000000000
0.000000000000
0.000000000000
0.000000000000
0.000000000000
0.000000000000
0.000000000000
0.000000000000
0.000000000000
0.000000000000
0.000000000000
0.000000000000
0.000000000000
0.000000000000
0.000000000000
0.000000000000
0.000000000000
0.000000000000
0.000000000000
0.000000000000
0.000000000000
0.000000000000
0.000000000000
0.000000000000
0.000000000000
0.000000000000
0.000000000000
0.000000000000
0.000000000000
0.000000000000
0.000000000000
0.000000000000
0.000000000000
0.000000000000
0.000000000000
0.000000000000
0.000000000000
0.000000000000
0.000000000000
0.000000000000
0.000000000000
0.000000000000
0.000000000000
0.000000000000
0.000000000000
0.000000000000
0.000000000000
0.000000000000
0.000000000000
0.000000000000
0.000000000000
0.000000000000
0.000000000000
0.000000000000
0.000000000000
0.000000000000
0.000000000000
0.000000000000
0.000000000000
0.000000000000
0.000000000000
0.000000000000
0.000000000000
0.000000000000
0.000000000000
0.000000000000
0.000000000000
0.000000000000
0.000000000000
0.000000000000
0.000000000000
0.000000000000
0.000000000000
0.000000000000
0.000000000000
0.000000000000
0.000000000000
0.000000000000
0.000000000000
0.000000000000
0.000000000000
0.000000000000
0.000000000000
0.000000000000
0.000000000000
0.000000000000
0.000000000000
0.000000000000
0.000000000000
0.000000000000
0.000000000000
0.000000000000
0.000000000000
0.000000000000
0.000000000000
0.000000000000
0.000000000000
0.000000000000
0.000000000000
0.000000000000
0.000000000000
0.000000000000
0.000000000000
0.000000000000
0.000000000000
0.000000000000
0.000000000000
0.000000000000
0.000000000000
0.000000000000
0.000000000000
0.000000000000
0.000000000000
0.000000000000
0.000000000000
0.000000000000
0.000000000000
0.000000000000
0.000000000000
0.000000000000
0.000000000000
0.000000000000
0.000000000000
0.000000000000
0.000000000000
0.000000000000
0.000000000000
0.000000000000
0.000000000000
0.000000000000
0.000000000000
0.000000000000
0.000000000000
0.000000000000
0.000000000000
0.000000000000
0.000000000000
0.000000000000
0.000000000000
0.000000000000
0.000000000000
0.000000000000
0.000000000000
0.000000000000
0.000000000000
0.000000000000
0.000000000000
0.000000000000
0.000000000000
0.000000000000
0.000000000000
0.000000000000
0.000000000000
0.000000000000
0.000000000000
0.000000000000
0.000000000000
0.000000000000
0.000000000000
0.000000000000
0.000000000000
0.000000000000
0.000000000000
0.000000000000
0.000000000000
0.000000000000
0.000000000000
0.000000000000
0.000000000000
0.000000000000
0.000000000000
0.000000000000
0.000000000000
0.000000000000
0.000000000000
0.000000000000
0.000000000000
0.000000000000
0.000000000000
0.000000000000
0.000000000000
0.000000000000
0.000000000000
0.000000000000
0.000000000000
0.000000000000
0.000000000000
0.000000000000
0.000000000000
0.000000000000
0.000000000000
0.000000000000
0.000000000000
0.000000000000
0.000000000000
0.000000000000
0.000000000000
0.000000000000
0.000000000000
0.000000000000
0.000000000000
0.000000000000
0.000000000000
0.000000000000
0.000000000000
0.000000000000
0.000000000000
0.000000000000
0.000000000000
0.000000000000
0.000000000000
0.000000000000
0.000000000000
0.000000000000
0.000000000000
0.000000000000
0.000000000000
0.000000000000
0.000000000000
0.000000000000
0.000000000000
0.000000000000
0.000000000000
0.000000000000
0.000000000000
0.000000000000
0.000000000000
0.000000000000
0.000000000000
0.000000000000
0.000000000000
0.000000000000
0.000000000000
0.000000000000
0.000000000000
0.000000000000
0.000000000000
0.000000000000
0.000000000000
0.000000000000
0.000000000000
0.000000000000
0.000000000000
0.000000000000
0.000000000000
0.000000000000
0.000000000000
0.000000000000
0.000000000000
0.000000000000
0.000000000000
0.000000000000
0.000000000000
0.000000000000
0.000000000000
0.000000000000
0.000000000000
0.000000000000
0.000000000000
0.000000000000
0.000000000000
0.000000000000
0.000000000000
0.000000000000
0.000000000000
0.000000000000
0.000000000000
0.000000000000
0.000000000000
0.000000000000
0.000000000000
0.000000000000
0.000000000000
0.000000000000
0.000000000000
0.000000000000
0.000000000000
0.000000000000
0.000000000000
0.000000000000
0.000000000000
0.000000000000
0.000000000000
0.000000000000
0.000000000000
0.000000000000
0.000000000000
0.000000000000
0.000000000000
0.000000000000
0.000000000000
0.000000000000
0.000000000000
0.000000000000
0.000000000000
0.000000000000
0.000000000000
0.000000000000
0.000000000000
0.000000000000
0.000000000000
0.000000000000
0.000000000000
0.000000000000
0.000000000000
0.000000000000
0.000000000000
0.000000000000
0.000000000000
0.000000000000
0.000000000000
0.000000000000
0.000000000000
0.000000000000
0.000000000000
0.000000000000
0.000000000000
0.000000000000
0.000000000000
0.000000000000
0.000000000000
0.000000000000
0.000000000000
0.000000000000
0.000000000000
0.000000000000
0.000000000000
0.000000000000
0.000000000000
0.000000000000
0.000000000000
0.000000000000
0.000000000000
0.000000000000
0.000000000000
0.000000000000
0.000000000000
0.000000000000
0.000000000000
0.000000000000
0.000000000000
0.000000000000
0.000000000000
0.000000000000
0.000000000000
0.000000000000
0.000000000000
0.000000000000
0.000000000000
0.000000000000
0.000000000000
0.000000000000
0.000000000000
0.000000000000
0.000000000000
0.000000000000
0.000000000000
