-0.001187669000
-0.001177045000
-0.001155101000
-0.001132832000
-0.001149073000
-0.001228836000
-0.001369898000
-0.001525244000
-0.001635429000
-0.001658469000
-0.001507897000
-0.001156678000
-0.000721576800
-0.000329375100
-0.000059057170
0.000022651450
0.000016184140
0.000013820460
-0.000143525000
-0.000687005700
-0.001586351000
-0.002721752000
-0.003198764000
-0.002099217000
0.000127591200
0.001585624000
0.001200120000
-0.000346041400
-0.001717356000
-0.001792939000
-0.000881466700
0.000165130600
0.000454404300
-0.000034672340
-0.000531175000
-0.000420020200
0.000122883300
0.000714177300
0.000821268300
-0.000203995100
-0.001675320000
-0.002195766000
-0.001318085000
0.000759071400
0.002612602000
0.003475938000
0.003763439000
0.003875294000
0.001124847000
-0.006551875000
-0.014957390000
-0.019051070000
-0.018025150000
-0.014495480000
-0.011684840000
-0.010532680000
-0.009215050000
-0.005114752000
-0.000789767100
0.000883045200
0.000960357000
-0.000070382950
-0.004544943000
-0.010485310000
-0.012618620000
-0.009318803000
-0.003870214000
-0.000472456200
-0.000310212200
-0.001510439000
-0.000715788600
0.000667889900
-0.002186154000
-0.013138870000
-0.032510540000
-0.047661580000
-0.048525980000
-0.039950310000
-0.029004030000
-0.019584100000
-0.010411670000
0.000574488300
0.013904010000
0.031656290000
0.044024780000
0.040359910000
0.019772330000
-0.007326897000
-0.026304670000
-0.032243100000
-0.032798750000
-0.033699000000
-0.034401860000
-0.031307540000
-0.021244710000
-0.007098297000
0.005552615000
0.016244430000
0.021589100000
0.018361030000
0.010428260000
0.007593511000
0.015721650000
0.025235910000
0.023156730000
0.015539730000
0.014194150000
0.018544770000
0.022972100000
0.024605700000
0.024710060000
0.024227230000
0.019313810000
0.004422398000
-0.009535449000
-0.011763090000
-0.009220963000
-0.007589917000
-0.004493060000
-0.000452044000
-0.001800985000
-0.010032900000
-0.017107170000
-0.018490500000
-0.016553790000
-0.011737640000
-0.002143454000
0.007335615000
0.012105560000
0.016073300000
0.016159490000
0.003904461000
-0.012340780000
-0.016742340000
-0.006651935000
0.008118224000
0.017027840000
0.017979290000
0.015882160000
0.010677040000
0.002969093000
0.001559528000
0.008078247000
0.015492320000
0.018801230000
0.017281100000
0.012679390000
0.008838721000
0.007511156000
0.006818040000
0.002684894000
-0.006348271000
-0.011685180000
-0.002965820000
0.017813060000
0.030802180000
0.030500060000
0.028507590000
0.033340520000
0.048818390000
0.070068840000
0.088959910000
0.096422070000
0.090412410000
0.071936350000
0.040661150000
0.014797890000
0.007249509000
0.016028310000
0.030396290000
0.042272060000
0.053281380000
0.061624230000
0.063242370000
0.061116940000
0.060382060000
0.060561740000
0.057598200000
0.051623360000
0.048536360000
0.050365520000
0.054858350000
0.064384230000
0.080206490000
0.093360890000
0.099084910000
0.104496500000
0.107196500000
0.099510590000
0.080685980000
0.049506780000
0.010329220000
-0.034865500000
-0.081668400000
-0.113426100000
-0.125768000000
-0.128798000000
-0.123758900000
-0.112285400000
-0.101982200000
-0.096003290000
-0.091682530000
-0.088730730000
-0.091914470000
-0.107962900000
-0.129449100000
-0.138100400000
-0.134905000000
-0.121778800000
-0.102334800000
-0.082735230000
-0.064321100000
-0.045700100000
-0.028416820000
-0.010872530000
0.007268105000
0.020130830000
0.017878020000
-0.007835734000
-0.053081100000
-0.098788430000
-0.133935700000
-0.147179400000
-0.137979400000
-0.113969500000
-0.074682880000
-0.028362760000
0.014252590000
0.055649950000
0.092155620000
0.116926100000
0.129626800000
0.132132800000
0.135440700000
0.143338300000
0.130731500000
0.083539920000
0.028725410000
-0.017485200000
-0.059063430000
-0.096945900000
-0.132974100000
-0.161330200000
-0.171422000000
-0.166162700000
-0.146166200000
-0.115792300000
-0.082974210000
-0.040803290000
0.007279822000
0.049234220000
0.081165140000
0.098153750000
0.103297900000
0.099654250000
0.083960250000
0.062041890000
0.046481050000
0.038240430000
0.036171140000
0.046358890000
0.069271850000
0.090204800000
0.099637150000
0.099340570000
0.087648820000
0.051848730000
0.003287485000
-0.031858240000
-0.050110380000
-0.057379930000
-0.054143600000
-0.039595260000
-0.021532630000
-0.013852060000
-0.016537200000
-0.019072390000
-0.014284070000
0.000849699900
0.028836870000
0.059997350000
0.082393520000
0.084527660000
0.070322060000
0.044716760000
0.004760219000
-0.042543440000
-0.079686140000
-0.091845620000
-0.086532850000
-0.071454760000
-0.061890500000
-0.066833880000
-0.072263530000
-0.061239560000
-0.027869420000
0.018419620000
0.044332910000
0.039925010000
0.022436980000
0.010659630000
0.005474466000
0.003459003000
0.012049710000
0.035493910000
0.057067580000
0.059571370000
0.052824050000
0.045634900000
0.042395710000
0.046684800000
0.051931390000
0.045259220000
0.027549570000
0.017169300000
0.015530980000
0.009806959000
-0.006199700000
-0.020773140000
-0.020101150000
-0.004440118000
0.021794250000
0.049588120000
0.071678850000
0.086260080000
0.091066210000
0.080420060000
0.035591650000
-0.029657790000
-0.083786540000
-0.119151500000
-0.140106200000
-0.158855700000
-0.176501000000
-0.177445300000
-0.159018800000
-0.139996100000
-0.127883600000
-0.114221100000
-0.098299710000
-0.084644160000
-0.074725000000
-0.064157610000
-0.036922290000
0.015765740000
0.072673740000
0.119945900000
0.159983800000
0.191768400000
0.204598000000
0.192019100000
0.147466400000
0.084043220000
0.025968790000
-0.025571710000
-0.066860490000
-0.107039700000
-0.137832200000
-0.144168600000
-0.132222100000
-0.106503300000
-0.069678370000
-0.039146930000
-0.026974910000
-0.027076190000
-0.030396370000
-0.028990980000
-0.016194280000
0.006724967000
0.032325560000
0.064143730000
0.102986700000
0.135647200000
0.154754500000
0.162887400000
0.164069700000
0.160954000000
0.148156600000
0.109894200000
0.048740770000
-0.016977860000
-0.067447170000
-0.105188000000
-0.139618600000
-0.171173500000
-0.179085100000
-0.144147800000
-0.066544160000
0.021436140000
0.093499670000
0.143422900000
0.170063700000
0.177306100000
0.171780900000
0.154275200000
0.127573300000
0.078358460000
0.003378290000
-0.074760570000
-0.135706700000
-0.166875700000
-0.170555800000
-0.151751900000
-0.115371900000
-0.059364950000
-0.000122828100
0.047220990000
0.076771370000
0.088118360000
0.078466020000
0.050402350000
0.023739320000
0.017735990000
0.031058080000
0.048910260000
0.056602840000
0.050820650000
0.029052010000
-0.003062953000
-0.019025970000
-0.003647092000
0.033936680000
0.059945010000
0.053453760000
0.022177900000
-0.015964690000
-0.055463070000
-0.092740700000
-0.120257600000
-0.125776100000
-0.106039100000
-0.074845280000
-0.055616740000
-0.053314520000
-0.058296880000
-0.060170430000
-0.046754320000
-0.021797500000
-0.002419957000
0.001421228000
-0.008905644000
-0.023881340000
-0.032674870000
-0.039212350000
-0.054337870000
-0.071453260000
-0.078104760000
-0.073839500000
-0.061514400000
-0.051202440000
-0.045690030000
-0.031029080000
0.001514583000
0.037204140000
0.068192490000
0.099656100000
0.127700800000
0.151491800000
0.173824200000
0.186831000000
0.181259200000
0.136731000000
0.047820070000
-0.027779030000
-0.062618420000
-0.068579420000
-0.054294850000
-0.025579610000
-0.001660388000
0.002400359000
-0.014146920000
-0.041848400000
-0.056332500000
-0.046565770000
-0.013299230000
0.031331510000
0.064371940000
0.072656420000
0.062869640000
0.045534270000
0.023172000000
-0.007461200000
-0.036461210000
-0.053139230000
-0.059090400000
-0.055175120000
-0.039656550000
-0.018385340000
0.000162585600
0.010419670000
0.012830770000
0.006333254000
-0.016620720000
-0.065626290000
-0.114227800000
-0.148690300000
-0.169999600000
-0.174088100000
-0.162761900000
-0.117289200000
-0.042083770000
0.033941290000
0.103835600000
0.162704600000
0.189875300000
0.182449800000
0.150453900000
0.109936300000
0.074951790000
0.049751370000
0.029509440000
0.015964060000
0.008150826000
0.003867335000
0.002408235000
0.006082826000
0.022176060000
0.050366090000
0.078583680000
0.096286440000
0.098425440000
0.087064920000
0.065686080000
0.032688210000
-0.008728238000
-0.053943120000
-0.095089850000
-0.125929600000
-0.140311300000
-0.144733300000
-0.142571900000
-0.132565800000
-0.123376500000
-0.122527900000
-0.123375100000
-0.090422450000
-0.017358030000
0.056166290000
0.099450540000
0.113090500000
0.110405300000
0.089729540000
0.052989150000
0.026065210000
0.025210100000
0.044018440000
0.064978790000
0.072052410000
0.056369410000
0.013179440000
-0.039725640000
-0.079302090000
-0.093249280000
-0.087089440000
-0.070844390000
-0.055309320000
-0.050968920000
-0.057291070000
-0.063795390000
-0.060872610000
-0.046177630000
-0.028052550000
-0.019344780000
-0.019854980000
-0.019315710000
-0.011981750000
0.001839271000
0.017829730000
0.030494670000
0.042567490000
0.060296400000
0.086388210000
0.113580000000
0.129234200000
0.130579900000
0.126798600000
0.126009000000
0.128217300000
0.118955800000
0.091050080000
0.065662340000
0.055835080000
0.046511940000
0.016229980000
-0.032235430000
-0.080436680000
-0.111378400000
-0.111744900000
-0.084387780000
-0.044552370000
-0.015991590000
0.001151024000
0.013664950000
0.019079620000
0.019111000000
0.021223730000
0.025982700000
0.025696230000
0.014895520000
-0.008165966000
-0.038785520000
-0.064237040000
-0.070985770000
-0.052826460000
-0.016998190000
0.015225570000
0.030660720000
0.032300250000
0.024862800000
0.009222331000
-0.008759392000
-0.025489070000
-0.036252140000
-0.036876550000
-0.026936540000
-0.011055890000
0.001223446000
0.006381093000
0.006624529000
0.003016222000
-0.000884936300
-0.000479399200
0.004571537000
0.011565250000
0.019169780000
0.024869310000
0.023875770000
0.010778830000
-0.014107880000
-0.038581280000
-0.053326660000
-0.061428100000
-0.068034900000
-0.077421130000
-0.090822500000
-0.099897100000
-0.095591040000
-0.073831950000
-0.042417020000
-0.017239950000
-0.003979651000
0.003376522000
0.010894470000
0.024592730000
0.044053630000
0.060929060000
0.078083860000
0.098337860000
0.119238300000
0.135901800000
0.144301400000
0.151743100000
0.163180200000
0.172094300000
0.174454200000
0.173477900000
0.170524300000
0.158026800000
0.133913400000
0.112233600000
0.105299700000
0.111901700000
0.123826000000
0.129663100000
0.116902100000
0.089919700000
0.066082670000
0.049711850000
0.030483200000
0.000298860900
-0.041153810000
-0.087782830000
-0.134956000000
-0.180321400000
-0.219738900000
-0.243446900000
-0.252235000000
-0.253542600000
-0.243966200000
-0.211170400000
-0.157163500000
-0.100614600000
-0.051238730000
-0.015763910000
0.012405210000
0.043210050000
0.074199070000
0.094872110000
0.094702110000
0.068401620000
0.025066410000
-0.014431710000
-0.041794760000
-0.066922760000
-0.095126610000
-0.127118700000
-0.159394000000
-0.174397000000
-0.165819400000
-0.135194100000
-0.101666900000
-0.072394500000
-0.044845840000
-0.015714170000
0.011352320000
0.026793240000
0.026563390000
0.009516304000
-0.018469060000
-0.039069100000
-0.043071730000
-0.033729650000
-0.015869580000
0.005642429000
0.027988350000
0.044216160000
0.045590170000
0.035065700000
0.021192140000
0.009518508000
-0.000231442100
-0.006415235000
-0.003629393000
0.008152414000
0.022585410000
0.037282730000
0.049668370000
0.056738730000
0.058012660000
0.048566030000
0.016820800000
-0.027478000000
-0.068195810000
-0.100101700000
-0.120770300000
-0.125772300000
-0.118943900000
-0.106877700000
-0.096696390000
-0.093701410000
-0.093741300000
-0.088198460000
-0.074305870000
-0.062339260000
-0.062086400000
-0.074544740000
-0.091386470000
-0.104270600000
-0.105612400000
-0.088971720000
-0.049231900000
-0.000033429480
0.047086110000
0.088747710000
0.117185200000
0.135087600000
0.145753100000
0.149449600000
0.152345100000
0.159502900000
0.167422200000
0.165611700000
0.139713500000
0.087988540000
0.034749130000
0.006347592000
-0.002363309000
-0.006699807000
-0.006591362000
0.002022507000
0.013322280000
0.020600730000
0.026304330000
0.036880690000
0.051532100000
0.065602810000
0.077878280000
0.089348170000
0.101531600000
0.114009500000
0.126149400000
0.137856200000
0.148062200000
0.155074000000
0.148265900000
0.093755640000
0.008736466000
-0.072675630000
-0.146100200000
-0.191326400000
-0.208140600000
-0.215863200000
-0.219265100000
-0.214923300000
-0.199148700000
-0.164127700000
-0.101931500000
-0.032119460000
0.022483550000
0.041482310000
0.030663220000
0.005675023000
-0.014507060000
-0.017794830000
-0.006754216000
0.010612740000
0.023683870000
0.026108890000
0.020047970000
0.005576422000
-0.012479900000
-0.026105380000
-0.039989940000
-0.055983160000
-0.069612070000
-0.074714790000
-0.065267660000
-0.040495070000
-0.012023550000
0.008278352000
0.020172960000
0.029443630000
0.042525950000
0.062835910000
0.088600840000
0.114270000000
0.134565000000
0.148486000000
0.153996600000
0.146221400000
0.123526100000
0.086839680000
0.048749650000
0.018679610000
-0.001468417000
-0.012688560000
-0.016618730000
-0.011781310000
0.001198727000
0.016983760000
0.029071330000
0.036035260000
0.040727080000
0.045275330000
0.051309460000
0.058348550000
0.064119400000
0.067632580000
0.068415620000
0.067066200000
0.063606630000
0.054817380000
0.036539170000
0.011047550000
-0.010710180000
-0.025056830000
-0.035887110000
-0.042214650000
-0.044239750000
-0.043495360000
-0.043539280000
-0.047120530000
-0.053847170000
-0.061754930000
-0.070505650000
-0.077412680000
-0.083967590000
-0.094071860000
-0.101941100000
-0.101950400000
-0.095810990000
-0.083637860000
-0.066928670000
-0.048915190000
-0.030804460000
-0.010994900000
0.008410582000
0.022260880000
0.031630000000
0.038209700000
0.041177170000
0.040246660000
0.036067300000
0.032308730000
0.033720800000
0.041586510000
0.052052110000
0.062774690000
0.078109130000
0.100926200000
0.122043400000
0.138647600000
0.150285300000
0.151474200000
0.133904500000
0.098118060000
0.058225330000
0.024795800000
-0.006142829000
-0.033590850000
-0.055182390000
-0.075344080000
-0.092135890000
-0.102725600000
-0.109089300000
-0.113607200000
-0.116387300000
-0.116573400000
-0.113097000000
-0.100872400000
-0.081844020000
-0.064945080000
-0.051187000000
-0.036015640000
-0.017645000000
0.001510826000
0.017424360000
0.023974600000
0.024339720000
0.024772020000
0.028379270000
0.035761890000
0.047732190000
0.065021450000
0.082041800000
0.087850450000
0.082696040000
0.067856070000
0.046703220000
0.028171770000
0.017902280000
0.011082980000
-0.001484729000
-0.024771980000
-0.056405180000
-0.088174230000
-0.111847600000
-0.124056200000
-0.127427800000
-0.121170300000
-0.102438200000
-0.077306290000
-0.051353010000
-0.023774250000
0.002635788000
0.021330110000
0.032556790000
0.038160220000
0.036854500000
0.031887410000
0.028619250000
0.028928020000
0.031291470000
0.032788980000
0.031502960000
0.027549810000
0.023081740000
0.018935910000
0.015267020000
0.013991120000
0.016800010000
0.024396390000
0.037835760000
0.055244470000
0.073009770000
0.089137950000
0.104137700000
0.111349500000
0.103994000000
0.078724800000
0.045942290000
0.018829660000
-0.001920176000
-0.014258010000
-0.017609910000
-0.017801370000
-0.020719270000
-0.026585810000
-0.033888590000
-0.038743290000
-0.039394120000
-0.039217390000
-0.042561040000
-0.053117050000
-0.071087420000
-0.095955360000
-0.121501800000
-0.135276300000
-0.134365400000
-0.121981900000
-0.095096080000
-0.059899510000
-0.030927450000
-0.020375740000
-0.024066430000
-0.033669530000
-0.047420130000
-0.063699560000
-0.078048300000
-0.089413400000
-0.096719850000
-0.097742800000
-0.091311400000
-0.076058260000
-0.058072620000
-0.043096430000
-0.034514320000
-0.032787350000
-0.031998320000
-0.025652870000
-0.013248930000
0.001257450000
0.016032230000
0.029360080000
0.037790660000
0.041559580000
0.043238030000
0.043055020000
0.040199510000
0.032369450000
0.017367950000
-0.002450861000
-0.017795010000
-0.021415950000
-0.016860570000
-0.008025371000
0.003902684000
0.012704690000
0.016972970000
0.020293800000
0.024614490000
0.029120950000
0.032184470000
0.031302620000
0.026985090000
0.023025680000
0.024349830000
0.034431980000
0.052453760000
0.073090640000
0.090527070000
0.101797800000
0.105940700000
0.104130100000
0.095845350000
0.083033390000
0.073854150000
0.068064050000
0.061180150000
0.054555180000
0.050268730000
0.046460760000
0.040852630000
0.033597360000
0.023951680000
0.014474740000
0.009823812000
0.010795090000
0.016510120000
0.025909360000
0.038916510000
0.053167790000
0.068585830000
0.082792730000
0.091131470000
0.093588470000
0.092374790000
0.084611990000
0.069976450000
0.052273730000
0.034699810000
0.022129010000
0.017803500000
0.020237220000
0.027262510000
0.037392200000
0.048904070000
0.058710590000
0.064107390000
0.064637800000
0.062122660000
0.056319580000
0.045770670000
0.032272380000
0.017317910000
0.001279346000
-0.014793060000
-0.030457960000
-0.044492630000
-0.056161770000
-0.064961890000
-0.071895950000
-0.079213340000
-0.086374170000
-0.091295160000
-0.094061210000
-0.095231450000
-0.094668400000
-0.090725810000
-0.081723660000
-0.068858440000
-0.053451960000
-0.041020120000
-0.037120390000
-0.041178690000
-0.052381100000
-0.068275690000
-0.083886520000
-0.095012720000
-0.102554800000
-0.108002800000
-0.110903800000
-0.109372400000
-0.100081200000
-0.081773510000
-0.059474270000
-0.041476260000
-0.031494270000
-0.028592910000
-0.028435450000
-0.028082950000
-0.027296560000
-0.026390930000
-0.024653970000
-0.022663910000
-0.018180250000
-0.009559783000
0.000874269500
0.009217913000
0.012695890000
0.011973200000
0.006596527000
-0.003375899000
-0.012452560000
-0.016516650000
-0.018201570000
-0.020317620000
-0.022119550000
-0.018877530000
-0.009283621000
0.002749183000
0.011764140000
0.018227630000
0.026910530000
0.037865440000
0.050287870000
0.063365900000
0.073351140000
0.077210060000
0.075652580000
0.070393800000
0.063691450000
0.057712860000
0.053591140000
0.050891850000
0.048427200000
0.045246880000
0.041964530000
0.041071390000
0.043427540000
0.048113090000
0.053173580000
0.056798170000
0.060057830000
0.063151660000
0.065882850000
0.068781470000
0.068677260000
0.064001490000
0.056078320000
0.044785130000
0.032466840000
0.024635240000
0.019596110000
0.013530980000
0.005673725000
-0.000925605500
-0.004400101000
-0.006633508000
-0.008417939000
-0.009304169000
-0.011108510000
-0.014985260000
-0.019381940000
-0.022444120000
-0.023123170000
-0.021362030000
-0.020224610000
-0.020382460000
-0.020989800000
-0.021747860000
-0.023543680000
-0.027630700000
-0.034288780000
-0.040257140000
-0.042904300000
-0.043220230000
-0.042419900000
-0.041352930000
-0.039185760000
-0.034592070000
-0.026625200000
-0.017047600000
-0.008128689000
-0.002600912000
-0.001903222000
-0.004541933000
-0.009844666000
-0.015578900000
-0.020278260000
-0.024361550000
-0.028700020000
-0.034041760000
-0.039517600000
-0.042138030000
-0.041800310000
-0.039586590000
-0.035968300000
-0.033626870000
-0.033959230000
-0.035619450000
-0.036486820000
-0.036773700000
-0.036224720000
-0.036530640000
-0.038019230000
-0.039500890000
-0.038836200000
-0.037295390000
-0.036156610000
-0.034479450000
-0.033120870000
-0.033070360000
-0.033418090000
-0.034621280000
-0.036228770000
-0.038418790000
-0.040587280000
-0.039900260000
-0.035013610000
-0.027978410000
-0.020893620000
-0.015007120000
-0.011318160000
-0.009226720000
-0.008394417000
-0.007386674000
-0.006379766000
-0.007411411000
-0.009233203000
-0.010392820000
-0.009960269000
-0.006319974000
0.001938628000
0.012000300000
0.020086840000
0.026403900000
0.031334550000
0.035298380000
0.038159110000
0.039944980000
0.042022500000
0.044060280000
0.045450620000
0.043836280000
0.035599260000
0.021572200000
0.007556543000
-0.002407887000
-0.006612747000
-0.007894057000
-0.008696056000
-0.008822006000
-0.007522373000
-0.003717927000
0.001762400000
0.009579343000
0.017960820000
0.025871250000
0.032762060000
0.038805970000
0.042416320000
0.041741700000
0.038381940000
0.033502040000
0.027837620000
0.020440600000
0.010085380000
-0.001426007000
-0.011239250000
-0.016154320000
-0.016589850000
-0.014759610000
-0.012726010000
-0.012632390000
-0.014309950000
-0.016047590000
-0.016691130000
-0.015456000000
-0.011782040000
-0.007314522000
-0.004609088000
-0.005533503000
-0.007570908000
-0.010185130000
-0.013002970000
-0.015101220000
-0.016513930000
-0.017829540000
-0.019488620000
-0.021702390000
-0.024936760000
-0.027822470000
-0.028017230000
-0.025819990000
-0.021268640000
-0.015357240000
-0.011132440000
-0.008014838000
-0.004229887000
0.001471134000
0.008820674000
0.015991820000
0.021504310000
0.023812680000
0.020871850000
0.010719710000
-0.000139046500
-0.005182175000
-0.004080587000
0.003479697000
0.015340780000
0.028238300000
0.040274720000
0.048593480000
0.052664380000
0.052412620000
0.048816140000
0.040173950000
0.027384960000
0.015320920000
0.009416460000
0.011091270000
0.018612150000
0.029811260000
0.040934640000
0.049660690000
0.055149360000
0.059926850000
0.064817820000
0.068543530000
0.070120310000
0.070071520000
0.067652120000
0.059691950000
0.046531160000
0.032923900000
0.021758890000
0.016684270000
0.016973360000
0.019878130000
0.021319810000
0.019428150000
0.015394150000
0.012144790000
0.012054060000
0.016535310000
0.022561830000
0.025564760000
0.025532850000
0.022677680000
0.017074880000
0.011627320000
0.008908476000
0.008937946000
0.011040060000
0.012922620000
0.013108180000
0.012281760000
0.011895180000
0.012931210000
0.014874140000
0.015543720000
0.014932360000
0.012050030000
0.006459594000
0.000110498500
-0.006135911000
-0.010200900000
-0.011834220000
-0.011828400000
-0.011793610000
-0.012590210000
-0.013135510000
-0.012595870000
-0.009429325000
-0.002997138000
0.003982749000
0.008274705000
0.008007370000
0.004394691000
-0.000623041100
-0.004616759000
-0.006287335000
-0.006220068000
-0.005437196000
-0.005632864000
-0.007676937000
-0.011050620000
-0.014603350000
-0.016781240000
-0.017031440000
-0.016364040000
-0.017155180000
-0.019817740000
-0.022392090000
-0.023573790000
-0.023373260000
-0.021410680000
-0.015878920000
-0.006560749000
0.002989428000
0.009794361000
0.014719810000
0.018478550000
0.021781670000
0.024714320000
0.026429700000
0.027992380000
0.030937580000
0.034137410000
0.034965440000
0.032361490000
0.024490200000
0.011022040000
-0.003577120000
-0.017592710000
-0.029318130000
-0.033960540000
-0.030933100000
-0.024285930000
-0.018093920000
-0.013683930000
-0.009254747000
-0.003793921000
0.003061521000
0.012393710000
0.022787710000
0.031018720000
0.035442580000
0.035334250000
0.031840590000
0.028047420000
0.023636930000
0.018090350000
0.009050366000
-0.002718918000
-0.014613090000
-0.025892590000
-0.035019080000
-0.041816820000
-0.048383020000
-0.053576720000
-0.055545820000
-0.054975570000
-0.051056700000
-0.044120110000
-0.035045800000
-0.027714350000
-0.023575930000
-0.022189350000
-0.022633520000
-0.023858250000
-0.027166710000
-0.033188270000
-0.039487840000
-0.044600340000
-0.049796490000
-0.055431370000
-0.060559250000
-0.064274440000
-0.067794300000
-0.071887530000
-0.075636970000
-0.078345530000
-0.079729610000
-0.079089860000
-0.076611000000
-0.073055990000
-0.068831470000
-0.064712890000
-0.062425310000
-0.061875600000
-0.061327430000
-0.058920850000
-0.054332540000
-0.047871290000
-0.039968790000
-0.033535250000
-0.027753230000
-0.021766940000
-0.016505150000
-0.012454470000
-0.010284020000
-0.010599220000
-0.013228100000
-0.017484280000
-0.021615570000
-0.024309850000
-0.025483120000
-0.025184840000
-0.023761720000
-0.021520090000
-0.017532100000
-0.011631110000
-0.004598156000
0.004582084000
0.014969800000
0.023496770000
0.027124880000
0.027390430000
0.025958920000
0.023010300000
0.019619240000
0.017607770000
0.018279380000
0.021657980000
0.026518440000
0.031101840000
0.034413340000
0.036347060000
0.037300930000
0.037305670000
0.036482390000
0.036445890000
0.037336840000
0.037307360000
0.036046690000
0.034646510000
0.033325860000
0.030928460000
0.026695750000
0.021628690000
0.019068680000
0.019195010000
0.021731330000
0.026017470000
0.030523600000
0.033288350000
0.034518650000
0.035315710000
0.035396440000
0.034660900000
0.034630880000
0.036314850000
0.040138820000
0.045344090000
0.050233860000
0.053272390000
0.054417710000
0.054119010000
0.052804630000
0.050224620000
0.047099430000
0.044517730000
0.042943120000
0.041342260000
0.036797160000
0.030108590000
0.025962370000
0.025003210000
0.023580650000
0.022167890000
0.021306400000
0.018536280000
0.012791100000
0.006395083000
0.000688622500
-0.002423893000
-0.002354194000
0.001168665000
0.006595940000
0.011807290000
0.017161630000
0.022628250000
0.026342450000
0.028235350000
0.029122160000
0.029627760000
0.030299100000
0.030883970000
0.030459270000
0.029050440000
0.026177120000
0.022813600000
0.019013050000
0.014702700000
0.009356890000
0.002477094000
-0.005176679000
-0.014210980000
-0.024736410000
-0.034855710000
-0.042388230000
-0.048370850000
-0.053398130000
-0.056403180000
-0.057722200000
-0.056642370000
-0.054193370000
-0.051387080000
-0.049751220000
-0.050047670000
-0.051448590000
-0.053171340000
-0.054561270000
-0.055523020000
-0.056745960000
-0.057169230000
-0.054365460000
-0.047986380000
-0.039008380000
-0.029345790000
-0.019189570000
-0.010248200000
-0.005604720000
-0.005072437000
-0.007893449000
-0.013946870000
-0.021719020000
-0.029685530000
-0.033398610000
-0.031415460000
-0.025970130000
-0.017671180000
-0.009129534000
-0.003367003000
-0.002764996000
-0.006373727000
-0.011300250000
-0.015035180000
-0.015654180000
-0.013576910000
-0.008608903000
-0.001616599000
0.005493857000
0.012228500000
0.018701250000
0.023665930000
0.026517760000
0.026260750000
0.023054320000
0.017020180000
0.008342101000
0.000462982600
-0.005513500000
-0.010652370000
-0.015010570000
-0.018512470000
-0.020391330000
-0.021351850000
-0.022401230000
-0.024541790000
-0.026907170000
-0.028953480000
-0.029886530000
-0.027349890000
-0.022742700000
-0.017539320000
-0.010457760000
-0.003977572000
-0.001013205000
-0.000705827600
-0.001768627000
-0.003598623000
-0.006435733000
-0.009231026000
-0.011559070000
-0.013188290000
-0.013692390000
-0.012370000000
-0.009729666000
-0.006993550000
-0.004327590000
-0.001544990000
0.000496059000
0.001653128000
0.001115082000
-0.001968412000
-0.006231783000
-0.010255670000
-0.012356160000
-0.011815540000
-0.009302346000
-0.005919272000
-0.003547188000
-0.003169077000
-0.003150233000
-0.003315304000
-0.002856283000
-0.001836256000
-0.000919002800
-0.000175801100
0.000018157630
-0.000115421200
-0.001046194000
-0.003853707000
-0.008564783000
-0.014195170000
-0.018850600000
-0.021419570000
-0.021874150000
-0.020056390000
-0.016220900000
-0.010837150000
-0.004498911000
0.001212721000
0.004733349000
0.004992807000
0.002748802000
-0.000264111200
-0.001839649000
-0.001255134000
0.001486220000
0.007818310000
0.016301360000
0.025294950000
0.033344980000
0.039179070000
0.044143610000
0.048010100000
0.049714150000
0.049960030000
0.049298810000
0.048030260000
0.047672750000
0.048037960000
0.049035230000
0.050030660000
0.050354880000
0.050900140000
0.050633830000
0.050070880000
0.050066930000
0.050227090000
0.050250620000
0.050149380000
0.049087020000
0.046666370000
0.044392120000
0.042462600000
0.040104230000
0.037967790000
0.034993550000
0.030208140000
0.025255480000
0.020882150000
0.017000810000
0.012662770000
0.007490514000
0.002462489000
-0.001746464000
-0.005351556000
-0.007234023000
-0.006193404000
-0.003751449000
-0.001494303000
-0.000570124800
-0.002000380000
-0.004384989000
-0.006260049000
-0.008390307000
-0.011394680000
-0.015910060000
-0.020776130000
-0.024294770000
-0.025618830000
-0.024415010000
-0.021201850000
-0.016907860000
-0.011933570000
-0.008156764000
-0.006853542000
-0.006582114000
-0.004984473000
-0.002863132000
-0.000564186500
0.003698526000
0.008722451000
0.016900760000
0.027788060000
0.038419340000
0.048329210000
0.056521170000
0.062485920000
0.066613030000
0.068684630000
0.069187690000
0.069135390000
0.069299590000
0.070026640000
0.070386500000
0.070736280000
0.072244750000
0.074780990000
0.078001030000
0.081460270000
0.084751200000
0.087900890000
0.091328310000
0.094381010000
0.095961650000
0.096711650000
0.096152940000
0.093563290000
0.089775710000
0.086497110000
0.082191650000
0.076848670000
0.071845140000
0.066737820000
0.061441370000
0.056911810000
0.054010500000
0.052545950000
0.051246810000
0.049500910000
0.047029800000
0.043917460000
0.040557670000
0.037175360000
0.033763270000
0.029852550000
0.024272100000
0.017972230000
0.014199530000
0.012319470000
0.010346350000
0.007972441000
0.005176467000
0.001629435000
-0.003676343000
-0.009621985000
-0.014705780000
-0.018572140000
-0.022430400000
-0.026502970000
-0.030984980000
-0.036317520000
-0.041304900000
-0.045586240000
-0.048630340000
-0.050934870000
-0.052773540000
-0.054814810000
-0.056822930000
-0.058362580000
-0.058867390000
-0.058101250000
-0.056561380000
-0.054654750000
-0.054266890000
-0.056245230000
-0.059034050000
-0.061612530000
-0.064551690000
-0.066855120000
-0.069028400000
-0.073043520000
-0.076405320000
-0.077784150000
-0.078127710000
-0.077509590000
-0.075503220000
-0.072572000000
-0.069460570000
-0.066999460000
-0.065727170000
-0.065084440000
-0.064713970000
-0.064771450000
-0.065540480000
-0.066904230000
-0.068491240000
-0.068355750000
-0.066292700000
-0.063883490000
-0.061102320000
-0.058445900000
-0.056485030000
-0.055142960000
-0.053054720000
-0.049842940000
-0.046202730000
-0.043084810000
-0.040747490000
-0.038998760000
-0.038150290000
-0.037609170000
-0.036282550000
-0.035535650000
-0.035859540000
-0.036000570000
-0.035229470000
-0.034221880000
-0.032688630000
-0.030226850000
-0.027503090000
-0.024526070000
-0.021729410000
-0.017649260000
-0.011944740000
-0.006881271000
-0.003546668000
-0.002457853000
-0.003715281000
-0.006837287000
-0.012502700000
-0.019748120000
-0.027090740000
-0.035646890000
-0.042446990000
-0.045474080000
-0.045857540000
-0.043677920000
-0.039212160000
-0.033748780000
-0.029298370000
-0.026481820000
-0.024579780000
-0.022435980000
-0.021514800000
-0.021842220000
-0.023115340000
-0.024991180000
-0.027370670000
-0.029749490000
-0.030733950000
-0.030411550000
-0.029504960000
-0.028559920000
-0.027563820000
-0.026005930000
-0.024391910000
-0.021884530000
-0.019184580000
-0.016198470000
-0.013387400000
-0.011617920000
-0.010827160000
-0.010525980000
-0.010550190000
-0.010570330000
-0.009812392000
-0.008337532000
-0.007233038000
-0.006183709000
-0.005179579000
-0.004138706000
-0.003900623000
-0.004796349000
-0.005935151000
-0.007459661000
-0.008399303000
-0.009052881000
-0.009452191000
-0.008574603000
-0.008334963000
-0.009345279000
-0.010210800000
-0.010054410000
-0.010009730000
-0.010206700000
-0.015836500000
-0.015251240000
-0.013945900000
-0.012251590000
-0.011138700000
-0.010097330000
-0.008892479000
-0.007733117000
-0.006994945000
-0.007338352000
-0.007927290000
-0.008030379000
-0.007525991000
-0.006787380000
-0.005005018000
-0.001402845000
0.003819444000
0.009487199000
0.015451190000
0.022181770000
0.027449000000
0.030906220000
0.033724970000
0.035054420000
0.034589210000
0.031929190000
0.027948190000
0.023231080000
0.018847000000
0.015378000000
0.013392250000
0.012256460000
0.011258010000
0.011224300000
0.012584400000
0.014268380000
0.016017780000
0.018757970000
0.021124230000
0.022852560000
0.023390090000
0.023337040000
0.022975660000
0.021990990000
0.020341800000
0.017875440000
0.015229320000
0.013110920000
0.012118270000
0.011843790000
0.013338280000
0.016209660000
0.019540800000
0.022889660000
0.026255200000
0.028460780000
0.028999010000
0.028565310000
0.027532850000
0.025322560000
0.022025540000
0.018223280000
0.014498320000
0.012175340000
0.010864000000
0.010375700000
0.010235620000
0.009817052000
0.009109962000
0.008593826000
0.009008820000
0.010163400000
0.012062350000
0.014289400000
0.016507020000
0.018685000000
0.021472150000
0.024950940000
0.028845490000
0.032067780000
0.034105040000
0.034704590000
0.034629660000
0.034164340000
0.033535600000
0.032733340000
0.031722050000
0.031162180000
0.031058880000
0.031133890000
0.031568170000
0.031344140000
0.030495880000
0.029502200000
0.027622090000
0.025596760000
0.024968480000
0.025996390000
0.027809520000
0.029282860000
0.030011290000
0.030348750000
0.030455020000
0.030386300000
0.029834640000
0.028702320000
0.027007130000
0.025075250000
0.022805050000
0.020171400000
0.017762050000
0.015750930000
0.013543880000
0.010907710000
0.007718260000
0.004302087000
0.001373488000
-0.000903340500
-0.002882398000
-0.004430010000
-0.005760016000
-0.007045558000
-0.008034326000
-0.008490399000
-0.008186675000
-0.007446218000
-0.006496408000
-0.005924499000
-0.005610216000
-0.005665980000
-0.005741942000
-0.005812407000
-0.005858511000
-0.005876539000
-0.005941118000
-0.006024521000
-0.006104101000
-0.006178917000
-0.006297426000
-0.006454054000
-0.006606600000
-0.006671291000
-0.006618444000
-0.006378466000
-0.006127062000
-0.005937881000
-0.005817307000
-0.005726707000
-0.005559254000
-0.005425624000
-0.005252898000
-0.005070962000
-0.005035621000
-0.005104915000
-0.005338525000
-0.005675740000
-0.006047046000
-0.006342167000
-0.006561880000
-0.006913692000
-0.007369998000
-0.007719578000
-0.007937679000
-0.008033941000
-0.008074492000
-0.008076437000
-0.008061061000
-0.008032118000
-0.007932971000
-0.007797025000
-0.007653810000
-0.007466203000
-0.007303639000
-0.007180730000
-0.007058700000
-0.006919843000
-0.006786344000
-0.006678554000
-0.006586824000
-0.006505700000
-0.006418438000
-0.006305809000
-0.006156111000
-0.005975020000
-0.005796576000
-0.005637448000
-0.005496797000
-0.005367166000
-0.005251194000
-0.005149262000
-0.005055118000
-0.004960534000
-0.004866486000
-0.004767187000
-0.004659338000
-0.004543271000
-0.004416257000
-0.004279042000
-0.004134738000
-0.003986370000
-0.003833973000
-0.003676797000
-0.003515585000
-0.003351328000
-0.003184697000
-0.003016280000
-0.002846237000
-0.002674973000
-0.002503123000
-0.002331102000
-0.002158969000
-0.001986824000
-0.001814753000
-0.001642813000
-0.001471072000
-0.001299619000
-0.001128557000
-0.000957987000
-0.000787996600
0.000000000000
0.000000000000
0.000000000000
0.000000000000
0.000000000000
0.000000000000
0.000000000000
0.000000000000
0.000000000000
0.000000000000
0.000000000000
0.000000000000
0.000000000000
0.000000000000
0.000000000000
0.000000000000
0.000000000000
0.000000000000
0.000000000000
0.000000000000
0.000000000000
0.000000000000
0.000000000000
0.000000000000
0.000000000000
0.000000000000
0.000000000000
0.000000000000
0.000000000000
0.000000000000
0.000000000000
0.000000000000
0.000000000000
0.000000000000
0.000000000000
0.000000000000
0.000000000000
0.000000000000
0.000000000000
0.000000000000
0.000000000000
0.000000000000
0.000000000000
0.000000000000
0.000000000000
0.000000000000
0.000000000000
0.000000000000
0.000000000000
0.000000000000
0.000000000000
0.000000000000
0.000000000000
0.000000000000
0.000000000000
0.000000000000
0.000000000000
0.000000000000
0.000000000000
0.000000000000
0.000000000000
0.000000000000
0.000000000000
0.000000000000
0.000000000000
0.000000000000
0.000000000000
0.000000000000
0.000000000000
0.000000000000
0.000000000000
0.000000000000
0.000000000000
0.000000000000
0.000000000000
0.000000000000
0.000000000000
0.000000000000
0.000000000000
0.000000000000
0.000000000000
0.000000000000
0.000000000000
0.000000000000
0.000000000000
0.000000000000
0.000000000000
0.000000000000
0.000000000000
0.000000000000
0.000000000000
0.000000000000
0.000000000000
0.000000000000
0.000000000000
0.000000000000
0.000000000000
0.000000000000
0.000000000000
0.000000000000
0.000000000000
0.000000000000
0.000000000000
0.000000000000
0.000000000000
0.000000000000
0.000000000000
0.000000000000
0.000000000000
0.000000000000
0.000000000000
0.000000000000
0.000000000000
0.000000000000
0.000000000000
0.000000000000
0.000000000000
0.000000000000
0.000000000000
0.000000000000
0.000000000000
0.000000000000
0.000000000000
0.000000000000
0.000000000000
0.000000000000
0.000000000000
0.000000000000
0.000000000000
0.000000000000
0.000000000000
0.000000000000
0.000000000000
0.000000000000
0.000000000000
0.000000000000
0.000000000000
0.000000000000
0.000000000000
0.000000000000
0.000000000000
0.000000000000
0.000000000000
0.000000000000
0.000000000000
0.000000000000
0.000000000000
0.000000000000
0.000000000000
0.000000000000
0.000000000000
0.000000000000
0.000000000000
0.000000000000
0.000000000000
0.000000000000
0.000000000000
0.000000000000
0.000000000000
0.000000000000
0.000000000000
0.000000000000
0.000000000000
0.000000000000
0.000000000000
0.000000000000
0.000000000000
0.000000000000
0.000000000000
0.000000000000
0.000000000000
0.000000000000
0.000000000000
0.000000000000
0.000000000000
0.000000000000
0.000000000000
0.000000000000
0.000000000000
0.000000000000
0.000000000000
0.000000000000
0.000000000000
0.000000000000
0.000000000000
0.000000000000
0.000000000000
0.000000000000
0.000000000000
0.000000000000
0.000000000000
0.000000000000
0.000000000000
0.000000000000
0.000000000000
0.000000000000
0.000000000000
0.000000000000
0.000000000000
0.000000000000
0.000000000000
0.000000000000
0.000000000000
0.000000000000
0.000000000000
0.000000000000
0.000000000000
0.000000000000
0.000000000000
0.000000000000
0.000000000000
0.000000000000
0.000000000000
0.000000000000
0.000000000000
0.000000000000
0.000000000000
0.000000000000
0.000000000000
0.000000000000
0.000000000000
0.000000000000
0.000000000000
0.000000000000
0.000000000000
0.000000000000
0.000000000000
0.000000000000
0.000000000000
0.000000000000
0.000000000000
0.000000000000
0.000000000000
0.000000000000
0.000000000000
0.000000000000
0.000000000000
0.000000000000
0.000000000000
0.000000000000
0.000000000000
0.000000000000
0.000000000000
0.000000000000
0.000000000000
0.000000000000
0.000000000000
0.000000000000
0.000000000000
0.000000000000
0.000000000000
0.000000000000
0.000000000000
0.000000000000
0.000000000000
0.000000000000
0.000000000000
0.000000000000
0.000000000000
0.000000000000
0.000000000000
0.000000000000
0.000000000000
0.000000000000
0.000000000000
0.000000000000
0.000000000000
0.000000000000
0.000000000000
0.000000000000
0.000000000000
0.000000000000
0.000000000000
0.000000000000
0.000000000000
0.000000000000
0.000000000000
0.000000000000
0.000000000000
0.000000000000
0.000000000000
0.000000000000
0.000000000000
0.000000000000
0.000000000000
0.000000000000
0.000000000000
0.000000000000
0.000000000000
0.000000000000
0.000000000000
0.000000000000
0.000000000000
0.000000000000
0.000000000000
0.000000000000
0.000000000000
0.000000000000
0.000000000000
0.000000000000
0.000000000000
0.000000000000
0.000000000000
0.000000000000
0.000000000000
0.000000000000
0.000000000000
0.000000000000
0.000000000000
0.000000000000
0.000000000000
0.000000000000
0.000000000000
0.000000000000
0.000000000000
0.000000000000
0.000000000000
0.000000000000
0.000000000000
0.000000000000
0.000000000000
0.000000000000
0.000000000000
0.000000000000
0.000000000000
0.000000000000
0.000000000000
0.000000000000
0.000000000000
0.000000000000
0.000000000000
0.000000000000
0.000000000000
0.000000000000
0.000000000000
0.000000000000
0.000000000000
0.000000000000
0.000000000000
0.000000000000
0.000000000000
0.000000000000
0.000000000000
0.000000000000
0.000000000000
0.000000000000
0.000000000000
0.000000000000
0.000000000000
0.000000000000
0.000000000000
0.000000000000
0.000000000000
0.000000000000
0.000000000000
0.000000000000
0.000000000000
0.000000000000
0.000000000000
0.000000000000
0.000000000000
0.000000000000
0.000000000000
0.000000000000
0.000000000000
0.000000000000
0.000000000000
0.000000000000
0.000000000000
0.000000000000
0.000000000000
0.000000000000
0.000000000000
0.000000000000
0.000000000000
0.000000000000
0.000000000000
0.000000000000
0.000000000000
0.000000000000
0.000000000000
0.000000000000
0.000000000000
0.000000000000
0.000000000000
0.000000000000
0.000000000000
0.000000000000
0.000000000000
0.000000000000
0.000000000000
0.000000000000
0.000000000000
0.000000000000
0.000000000000
0.000000000000
0.000000000000
0.000000000000
0.000000000000
0.000000000000
0.000000000000
0.000000000000
0.000000000000
0.000000000000
0.000000000000
0.000000000000
0.000000000000
0.000000000000
0.000000000000
0.000000000000
0.000000000000
0.000000000000
0.000000000000
0.000000000000
0.000000000000
0.000000000000
0.000000000000
0.000000000000
0.000000000000
0.000000000000
0.000000000000
0.000000000000
0.000000000000
0.000000000000
0.000000000000
0.000000000000
0.000000000000
0.000000000000
0.000000000000
0.000000000000
0.000000000000
0.000000000000
0.000000000000
0.000000000000
0.000000000000
0.000000000000
0.000000000000
0.000000000000
0.000000000000
0.000000000000
0.000000000000
0.000000000000
0.000000000000
0.000000000000
0.000000000000
0.000000000000
0.000000000000
0.000000000000
0.000000000000
0.000000000000
0.000000000000
0.000000000000
0.000000000000
0.000000000000
0.000000000000
0.000000000000
0.000000000000
0.000000000000
0.000000000000
0.000000000000
0.000000000000
0.000000000000
0.000000000000
0.000000000000
0.000000000000
0.000000000000
0.000000000000
0.000000000000
0.000000000000
0.000000000000
0.000000000000
0.000000000000
0.000000000000
0.000000000000
0.000000000000
0.000000000000
0.000000000000
0.000000000000
0.000000000000
0.000000000000
0.000000000000
0.000000000000
0.000000000000
0.000000000000
0.000000000000
0.000000000000
0.000000000000
0.000000000000
0.000000000000
0.000000000000
0.000000000000
0.000000000000
0.000000000000
0.000000000000
0.000000000000
0.000000000000
0.000000000000
0.000000000000
0.000000000000
0.000000000000
