0.001926652000
0.001919732000
0.001919727000
0.001925693000
0.001921222000
0.001907539000
0.001906204000
0.001938864000
0.001989015000
0.002005222000
0.001959642000
0.001892246000
0.001833928000
0.001782544000
0.001804369000
0.001918468000
0.002109308000
0.002278570000
0.002362327000
0.002285686000
0.002110036000
0.001980486000
0.002031083000
0.002261305000
0.002278277000
0.001693960000
0.001018569000
0.000832875300
0.000821607400
0.000624367300
0.000712315700
0.000973386100
0.001348014000
0.002152443000
0.003500941000
0.005307620000
0.006509213000
0.006950107000
0.006641808000
0.004943551000
0.001961367000
-0.000479537700
-0.001414263000
-0.002043030000
-0.002829613000
-0.002512757000
-0.000327553500
0.003096638000
0.006395314000
0.008856251000
0.009674849000
0.008580574000
0.006134686000
0.003186502000
0.000336693300
-0.000588209900
0.001395774000
0.005938224000
0.010788360000
0.012992040000
0.012034760000
0.008225104000
0.002662456000
-0.003034967000
-0.007110228000
-0.008916798000
-0.009025618000
-0.006755032000
-0.001274322000
0.004978479000
0.011997530000
0.019693660000
0.024048440000
0.022739340000
0.015460290000
0.006574769000
0.000628150100
-0.000909357600
0.003364364000
0.010477260000
0.012762870000
0.009746375000
0.005608341000
0.004375609000
0.005047399000
0.004174733000
0.003461567000
0.004164096000
0.004178776000
0.004234052000
0.004842350000
0.004410110000
0.001782369000
-0.002786965000
-0.004908026000
-0.002175165000
0.001905710000
0.004569475000
0.005225588000
0.005678667000
0.007935431000
0.011311050000
0.014461350000
0.014698090000
0.008116244000
-0.001838850000
-0.007235470000
-0.009292925000
-0.012373410000
-0.014340750000
-0.010762330000
-0.003709436000
-0.000099159030
-0.001558135000
-0.004090754000
-0.002909113000
0.005668453000
0.021063710000
0.031813130000
0.034214460000
0.033474110000
0.030221410000
0.021395460000
0.010398700000
0.002833790000
-0.003552439000
-0.009019641000
-0.008584140000
-0.005218339000
-0.004410503000
-0.003243143000
0.003050495000
0.011324600000
0.015593790000
0.016940900000
0.019336370000
0.022657580000
0.022158880000
0.015374180000
0.007588781000
-0.001125801000
-0.012617340000
-0.017762450000
-0.016046400000
-0.016193010000
-0.021906200000
-0.029899300000
-0.034259980000
-0.034681850000
-0.033053360000
-0.033993900000
-0.038585390000
-0.039312660000
-0.033863580000
-0.028461140000
-0.023078770000
-0.020931740000
-0.025085650000
-0.027894000000
-0.025833030000
-0.025789280000
-0.032791010000
-0.046714480000
-0.066029450000
-0.087292750000
-0.101500700000
-0.102518500000
-0.092479210000
-0.082255290000
-0.078835460000
-0.078277820000
-0.074875530000
-0.066308150000
-0.051385380000
-0.033738860000
-0.020688830000
-0.012796730000
-0.004856193000
0.006286025000
0.017190300000
0.021567220000
0.017652460000
0.000536507900
-0.028708980000
-0.055144170000
-0.065967630000
-0.059129850000
-0.031451920000
0.008897303000
0.050600550000
0.086444110000
0.104715000000
0.106690700000
0.101202600000
0.090959540000
0.077305810000
0.063102230000
0.050908020000
0.044679880000
0.043863250000
0.044569050000
0.044253680000
0.039026030000
0.027944640000
0.019058600000
0.020572260000
0.031349220000
0.040813590000
0.040285820000
0.029201100000
0.011561650000
-0.001367520000
0.003142802000
0.032209900000
0.076648850000
0.106030700000
0.106074100000
0.085215330000
0.057560880000
0.032308370000
0.008010821000
-0.016252620000
-0.036009340000
-0.043777440000
-0.035308490000
-0.004178970000
0.037323170000
0.068945000000
0.095360650000
0.113603600000
0.118644200000
0.109945700000
0.087955340000
0.061428750000
0.028550900000
-0.017642240000
-0.063397050000
-0.085316360000
-0.078588950000
-0.052847450000
-0.028853370000
-0.016459770000
-0.007828582000
-0.004715820000
-0.015802580000
-0.039623770000
-0.056998710000
-0.057944380000
-0.049784160000
-0.039113580000
-0.025566630000
-0.006817934000
0.013220100000
0.030454690000
0.040697220000
0.034847910000
0.001693731000
-0.050870360000
-0.095769190000
-0.127164800000
-0.157569500000
-0.181825900000
-0.189298800000
-0.187130500000
-0.180973800000
-0.157599100000
-0.095453440000
-0.014455060000
0.055784080000
0.101115400000
0.124267200000
0.128285400000
0.109731400000
0.073854590000
0.039202410000
0.009642889000
-0.023354830000
-0.061218630000
-0.088424910000
-0.094519480000
-0.082464240000
-0.063472940000
-0.046695720000
-0.040210570000
-0.046078500000
-0.060901510000
-0.077897580000
-0.092023720000
-0.096565960000
-0.086905790000
-0.064135900000
-0.031901040000
-0.002272829000
0.010913390000
0.011594480000
0.013260330000
0.027014740000
0.056648480000
0.094848560000
0.128269100000
0.154554500000
0.172314200000
0.174842400000
0.153710100000
0.101539900000
0.044906060000
0.024777350000
0.025845070000
0.013228980000
-0.029046180000
-0.084693550000
-0.131379300000
-0.160909600000
-0.173987000000
-0.175832900000
-0.162793300000
-0.117781400000
-0.036075660000
0.051371390000
0.112920700000
0.145483900000
0.170454200000
0.195896200000
0.209127100000
0.207362600000
0.196929700000
0.173554000000
0.128152100000
0.075648830000
0.035066730000
0.003033790000
-0.022396180000
-0.044202610000
-0.060355410000
-0.060543300000
-0.050171520000
-0.050793350000
-0.066846730000
-0.083344920000
-0.093676510000
-0.096193100000
-0.087432270000
-0.063250750000
-0.022620010000
0.036023750000
0.097052210000
0.144514800000
0.187526100000
0.219788100000
0.224192000000
0.203184500000
0.154836200000
0.097304230000
0.044714580000
-0.015294670000
-0.086188350000
-0.158997500000
-0.223150300000
-0.268562200000
-0.292012500000
-0.299443800000
-0.300114000000
-0.299097900000
-0.294967300000
-0.277596200000
-0.232277200000
-0.148496400000
-0.042270520000
0.056506770000
0.136869800000
0.206481500000
0.257606300000
0.273407500000
0.268093600000
0.249925200000
0.187328500000
0.089268340000
-0.018881910000
-0.120605200000
-0.207297900000
-0.278602100000
-0.308682900000
-0.300629700000
-0.269814200000
-0.205057300000
-0.122435200000
-0.041869950000
0.020545410000
0.061150830000
0.086364660000
0.107447300000
0.133668500000
0.162226600000
0.183195700000
0.190819900000
0.180231000000
0.143004900000
0.095093580000
0.070055460000
0.068356260000
0.074219680000
0.072696190000
0.048324450000
0.000055581910
-0.055124290000
-0.100347500000
-0.125940300000
-0.134675900000
-0.128335800000
-0.098044500000
-0.051096350000
-0.008511398000
0.011066370000
0.014800260000
0.025270750000
0.050785770000
0.075905210000
0.090217610000
0.080467810000
0.045346950000
0.009312358000
-0.010615830000
-0.020377620000
-0.027611960000
-0.031627570000
-0.032519670000
-0.031085820000
-0.023165470000
-0.001898705000
0.035469040000
0.080026170000
0.117546600000
0.135483100000
0.131109900000
0.112357800000
0.087134130000
0.054896110000
0.037871620000
0.037758540000
0.036155040000
0.021394890000
-0.004496964000
-0.034014960000
-0.054292050000
-0.065455740000
-0.075562180000
-0.082561130000
-0.081612320000
-0.076188700000
-0.066461790000
-0.045051230000
-0.019567090000
-0.004734853000
-0.001761469000
-0.002621636000
-0.000421936100
0.012356660000
0.044524400000
0.088353710000
0.125593800000
0.142794300000
0.130453900000
0.086432820000
0.043700090000
0.035400290000
0.059772360000
0.100495700000
0.139515900000
0.156868200000
0.140010500000
0.096599970000
0.054883320000
0.028323900000
0.016413780000
0.007612884000
-0.007986323000
-0.028997850000
-0.051909360000
-0.077421910000
-0.103722000000
-0.127597900000
-0.138608500000
-0.134621800000
-0.117909700000
-0.084807650000
-0.033051560000
0.013256190000
0.032470350000
0.020263720000
-0.016028340000
-0.062617950000
-0.106677000000
-0.129734200000
-0.125013000000
-0.092215360000
-0.042272100000
0.001033431000
0.028410810000
0.051796220000
0.078554740000
0.101338900000
0.114515800000
0.117065000000
0.101743400000
0.059715130000
0.001135805000
-0.049047080000
-0.080042490000
-0.091496660000
-0.091400390000
-0.087682860000
-0.086932270000
-0.091937440000
-0.100881600000
-0.106523700000
-0.098385790000
-0.062604940000
-0.005563258000
0.043645730000
0.070523860000
0.080785700000
0.088810030000
0.103115700000
0.117935200000
0.122189100000
0.107901000000
0.066407140000
0.015647480000
-0.026643270000
-0.040580650000
-0.022675550000
0.019862590000
0.070533430000
0.104402000000
0.113154700000
0.099586480000
0.066278800000
0.036927020000
0.031149100000
0.041419390000
0.059388780000
0.071401660000
0.065110250000
0.038074630000
0.006222877000
-0.011444790000
-0.014771610000
-0.013734500000
-0.011578690000
-0.006810632000
-0.000158615500
0.005234682000
0.005158960000
-0.006431607000
-0.031010720000
-0.057271370000
-0.076581800000
-0.090655480000
-0.095988870000
-0.089189310000
-0.068114260000
-0.030818960000
0.021026920000
0.073011620000
0.107812400000
0.125244800000
0.137704600000
0.144736200000
0.137391700000
0.118790200000
0.102743100000
0.095052740000
0.086218120000
0.063652880000
0.030407380000
-0.002446625000
-0.023472390000
-0.029085870000
-0.022765540000
-0.007400553000
0.003949066000
0.002491424000
-0.006221306000
-0.018721740000
-0.030065240000
-0.034472320000
-0.030310410000
-0.021482590000
-0.016412510000
-0.018465740000
-0.023878160000
-0.023248170000
-0.007876472000
0.023232860000
0.056445050000
0.077159190000
0.082543600000
0.077077530000
0.061526810000
0.032012950000
-0.007373421000
-0.047013770000
-0.081358430000
-0.105812100000
-0.114984900000
-0.114346800000
-0.112872300000
-0.113689000000
-0.116653300000
-0.124785900000
-0.137361800000
-0.139261400000
-0.122161400000
-0.096085430000
-0.085986040000
-0.095760620000
-0.111749500000
-0.116821500000
-0.103155400000
-0.073241620000
-0.040877990000
-0.021643400000
-0.019217570000
-0.027333320000
-0.045233820000
-0.067526790000
-0.084503530000
-0.089315180000
-0.083269590000
-0.071642540000
-0.058035650000
-0.041115610000
-0.018902020000
0.007565741000
0.032198750000
0.044205580000
0.038484450000
0.009333043000
-0.035434110000
-0.080580710000
-0.121881300000
-0.151256100000
-0.161923400000
-0.159018700000
-0.143765400000
-0.121933700000
-0.104165200000
-0.093405540000
-0.082250570000
-0.060240490000
-0.028278390000
0.003478641000
0.033088250000
0.056378260000
0.067940150000
0.076629590000
0.090785690000
0.107262400000
0.121182700000
0.136203100000
0.154176900000
0.164254500000
0.153952200000
0.119122800000
0.075100860000
0.041817200000
0.031016740000
0.029213020000
0.022692690000
0.010910330000
0.003382050000
0.004903307000
0.011048660000
0.014965720000
0.010492690000
-0.001955336000
-0.013024020000
-0.015636500000
-0.008693016000
0.006677811000
0.020649460000
0.027718240000
0.034231530000
0.045195530000
0.062365530000
0.083174090000
0.106004800000
0.132728400000
0.147804300000
0.142248400000
0.114365500000
0.076793370000
0.050244290000
0.038312530000
0.030186280000
0.017145800000
-0.003721203000
-0.027257720000
-0.048287830000
-0.061567500000
-0.065088500000
-0.060370260000
-0.048916410000
-0.031324810000
-0.008195770000
0.018658660000
0.049741540000
0.082457630000
0.107622900000
0.122873400000
0.130885400000
0.133345400000
0.129501500000
0.118213700000
0.091900900000
0.041600130000
-0.014144650000
-0.049210850000
-0.063945150000
-0.064245010000
-0.049570140000
-0.029235820000
-0.017583310000
-0.014513560000
-0.011742500000
-0.005690222000
-0.000330939700
-0.001521736000
-0.015592940000
-0.044964520000
-0.075625970000
-0.093632930000
-0.097165430000
-0.095301370000
-0.092097070000
-0.090025670000
-0.092933670000
-0.099775840000
-0.104826100000
-0.106108200000
-0.100936900000
-0.087341200000
-0.075393680000
-0.072406800000
-0.077044440000
-0.087723750000
-0.100800600000
-0.113146400000
-0.121098300000
-0.119041100000
-0.104065100000
-0.080943360000
-0.060449530000
-0.047764890000
-0.041228980000
-0.034759140000
-0.026708170000
-0.017831970000
-0.009745750000
-0.004696193000
-0.001510317000
0.000736787300
0.002173231000
0.006580080000
0.015545420000
0.026047170000
0.035191660000
0.042904180000
0.052024280000
0.063861460000
0.075147930000
0.081176180000
0.083782560000
0.088113150000
0.095324420000
0.102648900000
0.111997000000
0.128330300000
0.147646900000
0.161973400000
0.169259800000
0.170556300000
0.166546400000
0.155055600000
0.124651500000
0.070598990000
0.014844380000
-0.024261130000
-0.044538730000
-0.049447670000
-0.045296560000
-0.035031410000
-0.020046220000
-0.002794346000
0.010643710000
0.013402730000
0.006236190000
-0.002487890000
-0.008667039000
-0.016925290000
-0.028409420000
-0.037491500000
-0.038151820000
-0.028962820000
-0.017529810000
-0.014794810000
-0.019666190000
-0.022395920000
-0.015706390000
-0.000334426000
0.017938190000
0.035932450000
0.055445650000
0.067127200000
0.067120640000
0.058230400000
0.048994860000
0.046542650000
0.048775090000
0.051404290000
0.052205330000
0.050208510000
0.043942900000
0.034360630000
0.024120500000
0.014729650000
0.007087060000
-0.001599810000
-0.014746000000
-0.029798870000
-0.037811690000
-0.034016280000
-0.019422860000
-0.000177915700
0.015644350000
0.028643300000
0.048168930000
0.077607540000
0.105174200000
0.117910900000
0.115302000000
0.099084250000
0.069681260000
0.036956790000
0.011426250000
-0.008551039000
-0.028612610000
-0.051979900000
-0.075265000000
-0.093668470000
-0.104814100000
-0.105720800000
-0.094756320000
-0.071956630000
-0.051789680000
-0.046004740000
-0.050900580000
-0.058961220000
-0.064234600000
-0.063177730000
-0.054922630000
-0.044568910000
-0.036395890000
-0.027818910000
-0.017256170000
-0.006768339000
0.002116153000
0.005862245000
-0.000130186000
-0.020479030000
-0.048943930000
-0.077108360000
-0.101778200000
-0.113644200000
-0.112126200000
-0.105608800000
-0.100649900000
-0.098634690000
-0.098489040000
-0.100593800000
-0.104791000000
-0.107527900000
-0.106524100000
-0.103769700000
-0.097489520000
-0.083500530000
-0.066175390000
-0.052295540000
-0.038159750000
-0.021703300000
-0.006637145000
0.008331841000
0.022217690000
0.028884940000
0.025875570000
0.016198990000
0.007122320000
0.003930844000
0.005854223000
0.009999789000
0.013852720000
0.014842750000
0.016703380000
0.025006680000
0.040501010000
0.055650510000
0.067405830000
0.081113900000
0.098892740000
0.114492600000
0.127366600000
0.138602000000
0.146689300000
0.146689300000
0.135533900000
0.116472200000
0.096936670000
0.083127460000
0.076913670000
0.073981810000
0.070102770000
0.063467060000
0.052945410000
0.040645060000
0.032762120000
0.031130680000
0.034589300000
0.043811070000
0.056862750000
0.067046890000
0.070281590000
0.069004570000
0.066877620000
0.064799480000
0.060875160000
0.052191500000
0.036457410000
0.016340180000
-0.004179479000
-0.025182710000
-0.045534810000
-0.061899490000
-0.070834950000
-0.072251200000
-0.070819890000
-0.069498760000
-0.069133750000
-0.069761330000
-0.071917460000
-0.075818450000
-0.080198150000
-0.083597070000
-0.083210470000
-0.075855680000
-0.059633860000
-0.043778240000
-0.038665200000
-0.042855510000
-0.052569330000
-0.062304300000
-0.065742760000
-0.060047240000
-0.046721770000
-0.035768610000
-0.032683470000
-0.033976370000
-0.035475390000
-0.034681530000
-0.031032760000
-0.025984090000
-0.020925480000
-0.015588240000
-0.010284850000
-0.006344090000
-0.004574036000
-0.003178149000
-0.000005718508
0.007683131000
0.021738840000
0.038548940000
0.052487690000
0.060446730000
0.061349860000
0.056470390000
0.048080540000
0.036889190000
0.023239630000
0.005621441000
-0.011575020000
-0.019507830000
-0.014487940000
0.001899114000
0.025418290000
0.049223450000
0.064619650000
0.069426290000
0.068421260000
0.063455280000
0.054252060000
0.041285440000
0.024820000000
0.004551094000
-0.019789780000
-0.042233900000
-0.054651310000
-0.059029430000
-0.059459250000
-0.059395780000
-0.062099090000
-0.068938190000
-0.076968910000
-0.081662130000
-0.083150750000
-0.081168150000
-0.073706800000
-0.059527610000
-0.041727350000
-0.021237320000
0.000201784200
0.021770340000
0.042114350000
0.058761500000
0.066586390000
0.064743900000
0.053672080000
0.038975820000
0.029483930000
0.025400690000
0.022216730000
0.018790980000
0.017928200000
0.021456640000
0.031768230000
0.046655370000
0.061689890000
0.071803890000
0.074430410000
0.069042360000
0.056209940000
0.041981830000
0.031116860000
0.023059720000
0.016373090000
0.011568880000
0.010949130000
0.016505280000
0.029235720000
0.043496610000
0.049949030000
0.045815100000
0.035770690000
0.028183790000
0.025881660000
0.025367230000
0.023061480000
0.018036260000
0.009920271000
-0.000588801600
-0.010749990000
-0.017305660000
-0.018733020000
-0.017364560000
-0.015834380000
-0.015671500000
-0.018439560000
-0.023933410000
-0.032098260000
-0.042653540000
-0.055521310000
-0.068156030000
-0.077614180000
-0.083537730000
-0.086090270000
-0.084729660000
-0.079502050000
-0.071496610000
-0.063071370000
-0.055887720000
-0.051222360000
-0.048220900000
-0.045205620000
-0.042213340000
-0.037319840000
-0.030632260000
-0.023427070000
-0.014439090000
-0.004335833000
0.004170782000
0.009666117000
0.011509150000
0.010778250000
0.007972920000
0.003413987000
-0.002782110000
-0.010676890000
-0.018690380000
-0.024104780000
-0.024677900000
-0.019594240000
-0.008577102000
0.005926984000
0.022444670000
0.032720160000
0.034720170000
0.030664130000
0.021462280000
0.008747801000
-0.005396161000
-0.018623770000
-0.030499230000
-0.042445750000
-0.053366810000
-0.061755060000
-0.064028480000
-0.059447130000
-0.050731970000
-0.041483210000
-0.033145260000
-0.028364540000
-0.029153740000
-0.036198810000
-0.045448650000
-0.049852220000
-0.049199150000
-0.046557890000
-0.043547320000
-0.039418200000
-0.032972340000
-0.023342240000
-0.012650180000
-0.005377322000
-0.003110790000
-0.004310286000
-0.007076260000
-0.010679500000
-0.013951430000
-0.015357720000
-0.015033490000
-0.009698653000
0.002915550000
0.020218990000
0.038615880000
0.057570350000
0.074105490000
0.085538680000
0.092529520000
0.097609190000
0.100941400000
0.102584900000
0.102130700000
0.100463400000
0.096975430000
0.089730580000
0.079528710000
0.066062320000
0.048587400000
0.030027960000
0.016749940000
0.009767939000
0.007191129000
0.006055736000
0.005208874000
0.006071035000
0.008897203000
0.014543610000
0.024175660000
0.036483340000
0.048554380000
0.057900230000
0.064200170000
0.068605820000
0.072704950000
0.075628320000
0.074979090000
0.066966710000
0.050863210000
0.032492250000
0.015392680000
0.004751939000
0.001097188000
0.001393312000
0.003052955000
0.003273488000
-0.000000572394
-0.007124838000
-0.014294070000
-0.017479050000
-0.016544500000
-0.010519180000
0.001628887000
0.014384370000
0.021995940000
0.024368720000
0.024492610000
0.025624120000
0.026306480000
0.023827140000
0.017098240000
0.005766821000
-0.007264520000
-0.018309340000
-0.023893280000
-0.023487360000
-0.020822300000
-0.018893040000
-0.019642250000
-0.022322470000
-0.025287260000
-0.025972790000
-0.025567100000
-0.027089730000
-0.031707710000
-0.040232240000
-0.050541010000
-0.058090370000
-0.062417340000
-0.064113430000
-0.062300320000
-0.057685880000
-0.052826610000
-0.047712930000
-0.042267240000
-0.036559820000
-0.031002460000
-0.026300560000
-0.022613650000
-0.020179180000
-0.017852390000
-0.015724670000
-0.015402620000
-0.015670500000
-0.015525060000
-0.013766060000
-0.008545499000
-0.001380423000
0.004726367000
0.008830025000
0.010961820000
0.013059970000
0.016974300000
0.022013250000
0.027338310000
0.030583080000
0.029854220000
0.026856260000
0.025176050000
0.024936780000
0.025688360000
0.025394950000
0.020947230000
0.010172210000
-0.007746528000
-0.027858410000
-0.041640220000
-0.047081340000
-0.048301970000
-0.048316890000
-0.046436160000
-0.042432700000
-0.036048540000
-0.026144970000
-0.014733850000
-0.005299346000
-0.000667968900
-0.000842383500
-0.004700920000
-0.011597310000
-0.018158840000
-0.021096310000
-0.022570710000
-0.023499210000
-0.023621890000
-0.024611630000
-0.026271640000
-0.026776070000
-0.024145310000
-0.016665730000
-0.005366260000
0.006497349000
0.015863000000
0.022340490000
0.027424930000
0.032189950000
0.036019440000
0.036885860000
0.036229720000
0.034598400000
0.032706320000
0.032164110000
0.034511630000
0.040411160000
0.050399800000
0.063364880000
0.075928490000
0.085893600000
0.093488010000
0.097242270000
0.096942680000
0.094751610000
0.090782330000
0.086714500000
0.082803300000
0.077808310000
0.071157560000
0.063852020000
0.057530620000
0.053185100000
0.050060590000
0.046780790000
0.042382680000
0.037797590000
0.034901060000
0.033407660000
0.032779010000
0.032278860000
0.029548540000
0.024640480000
0.018482320000
0.010524080000
0.001683831000
-0.008595158000
-0.017934250000
-0.024618230000
-0.029436850000
-0.033492840000
-0.036250930000
-0.039420840000
-0.044404110000
-0.049960160000
-0.056357340000
-0.063259830000
-0.068127340000
-0.070687690000
-0.071879300000
-0.071920410000
-0.071374660000
-0.069219130000
-0.064769830000
-0.057038370000
-0.046427190000
-0.037700870000
-0.034406130000
-0.034791400000
-0.036494840000
-0.039272270000
-0.041302950000
-0.042924290000
-0.044980620000
-0.047552490000
-0.049997220000
-0.050599790000
-0.048845170000
-0.046090450000
-0.042910320000
-0.039562460000
-0.036416410000
-0.030995310000
-0.021350610000
-0.007682789000
0.006367643000
0.014654060000
0.014889320000
0.010703100000
0.006500239000
0.005496189000
0.008155254000
0.014350160000
0.022337990000
0.028315350000
0.031338510000
0.034166240000
0.039854760000
0.048593540000
0.058094000000
0.064520520000
0.062392340000
0.048868180000
0.025183390000
0.001155790000
-0.015005350000
-0.024621930000
-0.029305330000
-0.029954070000
-0.029006160000
-0.025326880000
-0.016159920000
-0.003406834000
0.008565499000
0.015798300000
0.016914300000
0.014105530000
0.008833304000
0.003626750000
0.002209035000
0.002813688000
0.002834773000
0.000817215700
-0.004338220000
-0.011366170000
-0.017066180000
-0.019953040000
-0.020248270000
-0.019867700000
-0.018544980000
-0.015429020000
-0.010974700000
-0.004437637000
0.002288109000
0.005352028000
0.003241005000
-0.002377015000
-0.007538600000
-0.009343162000
-0.006668634000
-0.001309944000
0.004372932000
0.008947953000
0.014638920000
0.020888310000
0.025120570000
0.026163350000
0.024414760000
0.021543680000
0.018153940000
0.013428050000
0.007907682000
0.001225028000
-0.005399687000
-0.009584159000
-0.011020130000
-0.012826790000
-0.015859660000
-0.019699420000
-0.024394880000
-0.028211150000
-0.028976040000
-0.027259260000
-0.026061840000
-0.027353630000
-0.030704920000
-0.034990590000
-0.038850890000
-0.040321930000
-0.038966850000
-0.034900590000
-0.028718920000
-0.022754870000
-0.019273040000
-0.017563500000
-0.015461690000
-0.012014170000
-0.007192839000
-0.002772259000
0.000660093600
0.003338117000
0.003986388000
0.003589279000
0.002261667000
-0.000703384000
-0.004920986000
-0.009568391000
-0.013412490000
-0.016662980000
-0.017752650000
-0.016904980000
-0.015719960000
-0.014635780000
-0.014417270000
-0.014703760000
-0.016805080000
-0.019165990000
-0.019314420000
-0.018096390000
-0.013255610000
-0.005982773000
0.000731501700
0.005993625000
0.010233900000
0.014375910000
0.018206810000
0.020921300000
0.023129130000
0.025489870000
0.026965030000
0.027827650000
0.029143780000
0.030672140000
0.031670040000
0.031618320000
0.030059250000
0.026428940000
0.022325080000
0.018902560000
0.017549120000
0.017894000000
0.018216880000
0.016281460000
0.009384372000
-0.000768611100
-0.009968708000
-0.014389240000
-0.013985590000
-0.010610640000
-0.005658856000
-0.000449542600
0.004516053000
0.008918069000
0.012805220000
0.015876580000
0.018771710000
0.021950460000
0.024859000000
0.028562440000
0.032306060000
0.035633890000
0.036775050000
0.035286160000
0.031301180000
0.025030110000
0.016292430000
0.007396482000
0.001378816000
-0.001830880000
-0.002124259000
-0.000499103100
0.000174263600
-0.000771569300
-0.000689381000
0.001331645000
0.004904299000
0.008483758000
0.011816940000
0.016592960000
0.022306210000
0.028398360000
0.034152470000
0.038743690000
0.041468280000
0.040819440000
0.035967730000
0.026836990000
0.016160930000
0.008812478000
0.004826917000
0.002255875000
0.000348616300
0.000058597480
0.000814299000
0.003641454000
0.008403500000
0.013576520000
0.018485720000
0.022517600000
0.023786420000
0.022972500000
0.020151180000
0.016232960000
0.012532510000
0.008267564000
0.004240454000
0.002364374000
0.002561501000
0.004246997000
0.006249347000
0.008023158000
0.008579360000
0.007618222000
0.007352374000
0.007174314000
0.005516623000
0.002199945000
-0.003062754000
-0.009374562000
-0.016172840000
-0.021654950000
-0.025362660000
-0.027603510000
-0.030084340000
-0.032008090000
-0.034793670000
-0.039566620000
-0.043731480000
-0.047005550000
-0.049250040000
-0.049497400000
-0.049162670000
-0.048587230000
-0.047268070000
-0.046596280000
-0.045403470000
-0.044403100000
-0.044454030000
-0.044434390000
-0.043069770000
-0.041762030000
-0.040410710000
-0.038177170000
-0.034493300000
-0.028993630000
-0.022719650000
-0.017247890000
-0.012734740000
-0.010189410000
-0.010387910000
-0.013015360000
-0.017127340000
-0.020923800000
-0.021635290000
-0.020162540000
-0.015899680000
-0.009346980000
-0.003153099000
0.003591999000
0.010378550000
0.017573600000
0.023789420000
0.027509990000
0.030046650000
0.031907610000
0.032918800000
0.031984970000
0.029919360000
0.026553670000
0.020797980000
0.011296480000
-0.000225559000
-0.010363310000
-0.016703640000
-0.020013270000
-0.022836090000
-0.026530220000
-0.030160040000
-0.032256530000
-0.031531970000
-0.028127930000
-0.022899570000
-0.016548700000
-0.010125090000
-0.004049366000
0.001701431000
0.007174873000
0.011434010000
0.013586900000
0.012980670000
0.011122460000
0.008737104000
0.006938818000
0.006833421000
0.006561658000
0.004315467000
0.000922837800
-0.002677944000
-0.006032143000
-0.008554434000
-0.010735190000
-0.012545760000
-0.014276320000
-0.014632290000
-0.012499460000
-0.009362944000
-0.006709640000
-0.005475056000
-0.005212663000
-0.006474336000
-0.009447558000
-0.014612880000
-0.020764520000
-0.026619520000
-0.032725020000
-0.039981640000
-0.046385660000
-0.049665070000
-0.049165110000
-0.044954030000
-0.037336310000
-0.027850510000
-0.018362070000
-0.008538529000
0.002191212000
0.010854930000
0.014459730000
0.013690400000
0.009083348000
0.001164572000
-0.007717776000
-0.013822330000
-0.015441590000
-0.013169070000
-0.009292302000
-0.006582346000
-0.006121340000
-0.008398004000
-0.010852940000
-0.013166960000
-0.014929900000
-0.015055580000
-0.014795580000
-0.014804070000
-0.014087420000
-0.010741420000
-0.004076598000
0.004869569000
0.014219930000
0.022522100000
0.028303680000
0.031816170000
0.034650870000
0.037303170000
0.040465480000
0.045233060000
0.051614870000
0.058703130000
0.065324600000
0.070486290000
0.073908890000
0.076290940000
0.077604330000
0.078713420000
0.080283580000
0.079944590000
0.077510370000
0.074311350000
0.071846450000
0.069679730000
0.066461330000
0.061920690000
0.056688400000
0.052795210000
0.050285160000
0.049711040000
0.049815620000
0.050463970000
0.052004760000
0.053310620000
0.052550750000
0.050640240000
0.049326060000
0.047614850000
0.044827310000
0.040945740000
0.035549620000
0.028394640000
0.020205710000
0.012796090000
0.006716074000
0.001336393000
-0.003739381000
-0.009573724000
-0.016757940000
-0.023916480000
-0.030727150000
-0.037010240000
-0.042339450000
-0.046905580000
-0.050526030000
-0.052149580000
-0.051066940000
-0.047323200000
-0.040499330000
-0.031424130000
-0.021943830000
-0.014906450000
-0.012610520000
-0.014349130000
-0.018499490000
-0.024008830000
-0.030036120000
-0.034889630000
-0.037806820000
-0.041379220000
-0.045430740000
-0.048939860000
-0.051365360000
-0.051527020000
-0.049285580000
-0.044762640000
-0.038547230000
-0.032790150000
-0.027064340000
-0.019961310000
-0.012166050000
-0.004036412000
0.003695555000
0.009221779000
0.011825530000
0.012263670000
0.010871260000
0.010312970000
0.010037730000
0.007955736000
0.005578620000
0.002975482000
0.000756077300
0.000269931900
0.001987989000
0.004950661000
0.007400212000
0.008622651000
0.007696888000
0.006094055000
0.004795069000
0.003633827000
0.002225233000
0.001824678000
0.003134370000
0.005438323000
0.008720135000
0.012911420000
0.016709530000
0.018483750000
0.017635890000
0.014661550000
0.009227549000
0.002419651000
-0.004300737000
-0.010241950000
-0.013509910000
-0.013419380000
-0.009894246000
-0.003641163000
0.002697099000
0.008144468000
0.013053320000
0.017113540000
0.020520240000
0.023439180000
0.025462520000
0.025936540000
0.025639560000
0.023903520000
0.019870710000
0.015445960000
0.012161090000
0.008945840000
0.005400716000
0.001836023000
-0.001638308000
-0.005151842000
-0.008084473000
-0.010190700000
-0.010703610000
-0.010406550000
-0.010339960000
-0.011109710000
-0.014177930000
-0.018100610000
-0.021742440000
-0.026348540000
-0.031290790000
-0.035737990000
-0.040043160000
-0.043097950000
-0.045213520000
-0.046662500000
-0.046089430000
-0.043836030000
-0.041877880000
-0.041639820000
-0.041886020000
-0.042021700000
-0.043355560000
-0.044129870000
-0.042631290000
-0.040737530000
-0.038389050000
-0.036721950000
-0.035688140000
-0.034654830000
-0.034485270000
-0.034964920000
-0.036519470000
-0.039314380000
-0.043913820000
-0.047918020000
-0.050627230000
-0.050981360000
-0.049036340000
-0.044262100000
-0.034894620000
-0.025918480000
-0.020442030000
-0.015825310000
-0.011838490000
-0.009071325000
-0.007824367000
-0.006695764000
-0.006413568000
-0.006988144000
-0.008222905000
-0.008953174000
-0.008824563000
-0.008485770000
-0.007209998000
-0.008373192000
-0.016738680000
-0.023635510000
-0.025993350000
-0.027673840000
-0.029045740000
-0.027809870000
-0.025571600000
-0.023453450000
-0.021155870000
-0.017182460000
-0.011867270000
-0.006775295000
-0.002966307000
0.000118950400
0.001328613000
0.000887021200
-0.000941919600
-0.004201593000
-0.007558560000
-0.009543218000
-0.010018660000
-0.008520947000
-0.006935794000
-0.005675201000
-0.005686998000
-0.007281534000
-0.008125601000
-0.008631141000
-0.009750913000
-0.010350150000
-0.011419210000
-0.012270760000
-0.012200270000
-0.011299580000
-0.008605970000
-0.007106297000
-0.006732824000
-0.005146560000
-0.002949561000
0.000312936600
0.005383400000
0.011897570000
0.018338120000
0.023354700000
0.027562060000
0.031795800000
0.035321940000
0.038010610000
0.040024110000
0.042080540000
0.043456000000
0.043978320000
0.045947430000
0.049242670000
0.052802550000
0.055661560000
0.058251190000
0.060783270000
0.062244200000
0.063622950000
0.064944860000
0.065412080000
0.064847780000
0.064207340000
0.064234080000
0.064350100000
0.063645600000
0.062145190000
0.061298770000
0.059852860000
0.058017570000
0.057330800000
0.056804310000
0.056114560000
0.056652120000
0.057662680000
0.058607320000
0.060786540000
0.063873610000
0.075811870000
0.076326820000
0.076524020000
0.076587850000
0.075348150000
0.072647310000
0.068377490000
0.063326020000
0.060066760000
0.059370550000
0.058286910000
0.056135980000
0.053918460000
0.052886620000
0.052546780000
0.051448110000
0.049082670000
0.046740410000
0.045337030000
0.044807720000
0.045235830000
0.046252160000
0.046907000000
0.046215480000
0.044209640000
0.041465530000
0.039154620000
0.037837040000
0.035653530000
0.032757120000
0.030766230000
0.029318230000
0.026650890000
0.022773370000
0.017760330000
0.011591820000
0.005434009000
-0.000300345900
-0.005890239000
-0.010396760000
-0.012751970000
-0.014010160000
-0.014332310000
-0.014891710000
-0.015047710000
-0.014577190000
-0.016240610000
-0.019262070000
-0.022798270000
-0.027656960000
-0.034079390000
-0.040323750000
-0.045487770000
-0.050685220000
-0.055664930000
-0.058589350000
-0.059761400000
-0.059734820000
-0.059264260000
-0.058407170000
-0.056631540000
-0.054729240000
-0.054464670000
-0.055627880000
-0.056723470000
-0.058115130000
-0.059185340000
-0.058623240000
-0.057661530000
-0.056382230000
-0.053341850000
-0.049016340000
-0.044089620000
-0.039548050000
-0.035711860000
-0.033218020000
-0.032729820000
-0.033302700000
-0.034685060000
-0.035371340000
-0.035684560000
-0.035738360000
-0.036015880000
-0.036374800000
-0.037240500000
-0.037943470000
-0.038204340000
-0.038385650000
-0.038401490000
-0.037882360000
-0.037743260000
-0.037250040000
-0.036139500000
-0.034419140000
-0.031949750000
-0.029223640000
-0.027279730000
-0.026428090000
-0.025944410000
-0.026228750000
-0.027399200000
-0.028213910000
-0.028306930000
-0.027500440000
-0.026207390000
-0.024013260000
-0.020907390000
-0.017648250000
-0.014493690000
-0.011855450000
-0.009616945000
-0.007834362000
-0.006527811000
-0.005918813000
-0.005550334000
-0.005183417000
-0.005303706000
-0.005191113000
-0.004780314000
-0.004134090000
-0.003325499000
-0.002219049000
-0.000809826100
0.000896198900
0.002564183000
0.004022669000
0.005076713000
0.005918374000
0.006468977000
0.006767473000
0.006419523000
0.005863742000
0.005190510000
0.004490902000
0.003999768000
0.004029506000
0.004300663000
0.004485875000
0.004483771000
0.004370106000
0.004451225000
0.004679772000
0.004886901000
0.005075563000
0.005403010000
0.005808972000
0.005987554000
0.006059839000
0.006179314000
0.006463200000
0.006818946000
0.007049077000
0.007064418000
0.006841689000
0.006477669000
0.006163264000
0.005822211000
0.005467134000
0.005268842000
0.005247110000
0.005275238000
0.005401944000
0.005542780000
0.005706405000
0.005949121000
0.006245596000
0.006515130000
0.006781388000
0.007025883000
0.007244497000
0.007416797000
0.007517109000
0.007577850000
0.007614896000
0.007592550000
0.007571627000
0.007549583000
0.007511448000
0.007448788000
0.007374817000
0.007289037000
0.007161899000
0.006994088000
0.006799912000
0.006595521000
0.006376216000
0.006151802000
0.005932611000
0.005713116000
0.005500635000
0.005291725000
0.005082984000
0.004884519000
0.004694849000
0.004509477000
0.004325970000
0.004141654000
0.003955984000
0.003771032000
0.003588884000
0.003409372000
0.003232764000
0.003058721000
0.002886775000
0.002716710000
0.002547846000
0.002380123000
0.002213400000
0.002047711000
0.001882916000
0.001718533000
0.001554349000
0.001390335000
0.001226538000
0.001063040000
0.000899919300
0.000737244800
0.000575075400
0.000413462700
0.000000000000
0.000000000000
0.000000000000
0.000000000000
0.000000000000
0.000000000000
0.000000000000
0.000000000000
0.000000000000
0.000000000000
0.000000000000
0.000000000000
0.000000000000
0.000000000000
0.000000000000
0.000000000000
0.000000000000
0.000000000000
0.000000000000
0.000000000000
0.000000000000
0.000000000000
0.000000000000
0.000000000000
0.000000000000
0.000000000000
0.000000000000
0.000000000000
0.000000000000
0.000000000000
0.000000000000
0.000000000000
0.000000000000
0.000000000000
0.000000000000
0.000000000000
0.000000000000
0.000000000000
0.000000000000
0.000000000000
0.000000000000
0.000000000000
0.000000000000
0.000000000000
0.000000000000
0.000000000000
0.000000000000
0.000000000000
0.000000000000
0.000000000000
0.000000000000
0.000000000000
0.000000000000
0.000000000000
0.000000000000
0.000000000000
0.000000000000
0.000000000000
0.000000000000
0.000000000000
0.000000000000
0.000000000000
0.000000000000
0.000000000000
0.000000000000
0.000000000000
0.000000000000
0.000000000000
0.000000000000
0.000000000000
0.000000000000
0.000000000000
0.000000000000
0.000000000000
0.000000000000
0.000000000000
0.000000000000
0.000000000000
0.000000000000
0.000000000000
0.000000000000
0.000000000000
0.000000000000
0.000000000000
0.000000000000
0.000000000000
0.000000000000
0.000000000000
0.000000000000
0.000000000000
0.000000000000
0.000000000000
0.000000000000
0.000000000000
0.000000000000
0.000000000000
0.000000000000
0.000000000000
0.000000000000
0.000000000000
0.000000000000
0.000000000000
0.000000000000
0.000000000000
0.000000000000
0.000000000000
0.000000000000
0.000000000000
0.000000000000
0.000000000000
0.000000000000
0.000000000000
0.000000000000
0.000000000000
0.000000000000
0.000000000000
0.000000000000
0.000000000000
0.000000000000
0.000000000000
0.000000000000
0.000000000000
0.000000000000
0.000000000000
0.000000000000
0.000000000000
0.000000000000
0.000000000000
0.000000000000
0.000000000000
0.000000000000
0.000000000000
0.000000000000
0.000000000000
0.000000000000
0.000000000000
0.000000000000
0.000000000000
0.000000000000
0.000000000000
0.000000000000
0.000000000000
0.000000000000
0.000000000000
0.000000000000
0.000000000000
0.000000000000
0.000000000000
0.000000000000
0.000000000000
0.000000000000
0.000000000000
0.000000000000
0.000000000000
0.000000000000
0.000000000000
0.000000000000
0.000000000000
0.000000000000
0.000000000000
0.000000000000
0.000000000000
0.000000000000
0.000000000000
0.000000000000
0.000000000000
0.000000000000
0.000000000000
0.000000000000
0.000000000000
0.000000000000
0.000000000000
0.000000000000
0.000000000000
0.000000000000
0.000000000000
0.000000000000
0.000000000000
0.000000000000
0.000000000000
0.000000000000
0.000000000000
0.000000000000
0.000000000000
0.000000000000
0.000000000000
0.000000000000
0.000000000000
0.000000000000
0.000000000000
0.000000000000
0.000000000000
0.000000000000
0.000000000000
0.000000000000
0.000000000000
0.000000000000
0.000000000000
0.000000000000
0.000000000000
0.000000000000
0.000000000000
0.000000000000
0.000000000000
0.000000000000
0.000000000000
0.000000000000
0.000000000000
0.000000000000
0.000000000000
0.000000000000
0.000000000000
0.000000000000
0.000000000000
0.000000000000
0.000000000000
0.000000000000
0.000000000000
0.000000000000
0.000000000000
0.000000000000
0.000000000000
0.000000000000
0.000000000000
0.000000000000
0.000000000000
0.000000000000
0.000000000000
0.000000000000
0.000000000000
0.000000000000
0.000000000000
0.000000000000
0.000000000000
0.000000000000
0.000000000000
0.000000000000
0.000000000000
0.000000000000
0.000000000000
0.000000000000
0.000000000000
0.000000000000
0.000000000000
0.000000000000
0.000000000000
0.000000000000
0.000000000000
0.000000000000
0.000000000000
0.000000000000
0.000000000000
0.000000000000
0.000000000000
0.000000000000
0.000000000000
0.000000000000
0.000000000000
0.000000000000
0.000000000000
0.000000000000
0.000000000000
0.000000000000
0.000000000000
0.000000000000
0.000000000000
0.000000000000
0.000000000000
0.000000000000
0.000000000000
0.000000000000
0.000000000000
0.000000000000
0.000000000000
0.000000000000
0.000000000000
0.000000000000
0.000000000000
0.000000000000
0.000000000000
0.000000000000
0.000000000000
0.000000000000
0.000000000000
0.000000000000
0.000000000000
0.000000000000
0.000000000000
0.000000000000
0.000000000000
0.000000000000
0.000000000000
0.000000000000
0.000000000000
0.000000000000
0.000000000000
0.000000000000
0.000000000000
0.000000000000
0.000000000000
0.000000000000
0.000000000000
0.000000000000
0.000000000000
0.000000000000
0.000000000000
0.000000000000
0.000000000000
0.000000000000
0.000000000000
0.000000000000
0.000000000000
0.000000000000
0.000000000000
0.000000000000
0.000000000000
0.000000000000
0.000000000000
0.000000000000
0.000000000000
0.000000000000
0.000000000000
0.000000000000
0.000000000000
0.000000000000
0.000000000000
0.000000000000
0.000000000000
0.000000000000
0.000000000000
0.000000000000
0.000000000000
0.000000000000
0.000000000000
0.000000000000
0.000000000000
0.000000000000
0.000000000000
0.000000000000
0.000000000000
0.000000000000
0.000000000000
0.000000000000
0.000000000000
0.000000000000
0.000000000000
0.000000000000
0.000000000000
0.000000000000
0.000000000000
0.000000000000
0.000000000000
0.000000000000
0.000000000000
0.000000000000
0.000000000000
0.000000000000
0.000000000000
0.000000000000
0.000000000000
0.000000000000
0.000000000000
0.000000000000
0.000000000000
0.000000000000
0.000000000000
0.000000000000
0.000000000000
0.000000000000
0.000000000000
0.000000000000
0.000000000000
0.000000000000
0.000000000000
0.000000000000
0.000000000000
0.000000000000
0.000000000000
0.000000000000
0.000000000000
0.000000000000
0.000000000000
0.000000000000
0.000000000000
0.000000000000
0.000000000000
0.000000000000
0.000000000000
0.000000000000
0.000000000000
0.000000000000
0.000000000000
0.000000000000
0.000000000000
0.000000000000
0.000000000000
0.000000000000
0.000000000000
0.000000000000
0.000000000000
0.000000000000
0.000000000000
0.000000000000
0.000000000000
0.000000000000
0.000000000000
0.000000000000
0.000000000000
0.000000000000
0.000000000000
0.000000000000
0.000000000000
0.000000000000
0.000000000000
0.000000000000
0.000000000000
0.000000000000
0.000000000000
0.000000000000
0.000000000000
0.000000000000
0.000000000000
0.000000000000
0.000000000000
0.000000000000
0.000000000000
0.000000000000
0.000000000000
0.000000000000
0.000000000000
0.000000000000
0.000000000000
0.000000000000
0.000000000000
0.000000000000
0.000000000000
0.000000000000
0.000000000000
0.000000000000
0.000000000000
0.000000000000
0.000000000000
0.000000000000
0.000000000000
0.000000000000
0.000000000000
0.000000000000
0.000000000000
0.000000000000
0.000000000000
0.000000000000
0.000000000000
0.000000000000
0.000000000000
0.000000000000
0.000000000000
0.000000000000
0.000000000000
0.000000000000
0.000000000000
0.000000000000
0.000000000000
0.000000000000
0.000000000000
0.000000000000
0.000000000000
0.000000000000
0.000000000000
0.000000000000
0.000000000000
0.000000000000
0.000000000000
0.000000000000
0.000000000000
0.000000000000
0.000000000000
0.000000000000
0.000000000000
0.000000000000
0.000000000000
0.000000000000
0.000000000000
0.000000000000
0.000000000000
0.000000000000
0.000000000000
0.000000000000
0.000000000000
0.000000000000
0.000000000000
0.000000000000
0.000000000000
0.000000000000
0.000000000000
0.000000000000
0.000000000000
0.000000000000
0.000000000000
0.000000000000
0.000000000000
