-0.003964760000
0.000150539600
-0.001751826000
-0.001796431000
-0.003074892000
-0.003057605000
-0.001808823000
-0.002488504000
0.001621076000
0.001852985000
0.003660144000
0.002664718000
0.006406554000
0.000501612200
-0.000688499900
-0.001092820000
-0.002745222000
-0.001722783000
-0.003835418000
0.003559777000
-0.005881753000
0.008746070000
-0.000148915500
0.006777741000
-0.014731750000
0.001155452000
-0.002932586000
-0.013053480000
-0.004589529000
-0.013782340000
0.021954250000
-0.030336730000
0.014265610000
-0.021340300000
0.007366281000
0.001812556000
-0.038443130000
0.015417070000
-0.008388110000
0.002936004000
-0.013271220000
-0.009613461000
-0.005546172000
-0.004501659000
0.001741285000
-0.005825038000
-0.002666564000
0.006388030000
0.011094880000
0.016171520000
0.007530695000
-0.000483310700
0.008450522000
0.009568642000
0.008000620000
-0.008571050000
0.015677220000
0.020040110000
0.015397990000
-0.002539261000
0.006499990000
0.035035070000
0.016251900000
-0.004852199000
-0.019217610000
0.019933910000
0.022271160000
-0.004141745000
-0.011063890000
0.004286253000
0.019757360000
0.010630760000
-0.001161525000
0.003749305000
0.024777760000
0.027685520000
-0.003067109000
0.008892355000
0.013017830000
0.015556800000
0.002684221000
-0.007811130000
-0.002963002000
0.017786550000
0.020377680000
-0.000093754250
-0.002544200000
0.021578030000
0.037493990000
0.017809560000
0.002492408000
0.001634423000
-0.004461614000
0.001705461000
-0.012869510000
-0.015564880000
0.007203707000
0.008700880000
0.007537556000
-0.012673580000
0.005614861000
0.007748214000
0.011779460000
0.014920960000
0.009775649000
0.006120247000
0.001777055000
0.012130740000
-0.007659956000
-0.000158807000
0.002407281000
0.044368530000
0.016054550000
-0.008503078000
-0.008267848000
-0.029689550000
-0.021842630000
-0.017407890000
-0.036173340000
0.004640152000
0.030711310000
-0.002814359000
-0.019512340000
-0.032439650000
0.011408010000
0.021551550000
0.054126680000
0.057786580000
0.048680920000
0.013608880000
-0.008123861000
-0.038299390000
-0.051093340000
-0.003516794000
0.017377330000
0.048618090000
0.016319760000
0.002964630000
0.001024089000
-0.010727040000
0.010268700000
0.019238410000
0.030491680000
0.045454480000
0.052094860000
0.020007680000
-0.024962320000
-0.015054500000
0.019935940000
0.039266110000
0.014377030000
0.004306310000
-0.037208150000
-0.110384600000
-0.131389300000
-0.159051700000
-0.135069800000
-0.124973200000
-0.124750500000
-0.144268900000
-0.175809400000
-0.177662800000
-0.190637600000
-0.220328200000
-0.178857800000
-0.090881640000
-0.073400900000
-0.086939570000
-0.130205200000
-0.141921600000
-0.150539200000
-0.142211700000
-0.021705890000
0.088809920000
0.178097300000
0.247943400000
0.284503600000
0.247781700000
0.270371800000
0.329195100000
0.345098700000
0.207727800000
0.023162360000
-0.010749230000
0.078380610000
0.239558000000
0.211930300000
0.213871100000
0.215676100000
0.150885200000
0.131973800000
0.045418990000
-0.042243730000
-0.104014900000
-0.136349000000
-0.105538100000
-0.042034250000
-0.060196830000
-0.141702600000
-0.201474200000
-0.244317100000
-0.074033120000
0.004104970000
-0.072515510000
-0.099987480000
-0.108687400000
-0.139347000000
-0.130490900000
-0.008786212000
0.042309910000
0.030031290000
0.042626270000
0.072906960000
0.027325040000
-0.008858686000
-0.044638590000
-0.077512630000
-0.065301710000
-0.010382470000
0.014231450000
-0.040501530000
-0.065282300000
-0.042360800000
-0.034484400000
-0.069180830000
-0.027283530000
0.049293710000
0.121746000000
0.064259370000
-0.077791440000
-0.111025700000
-0.044094960000
0.047483980000
0.050228000000
0.062304940000
0.103196800000
0.112492100000
0.127135200000
-0.006164709000
-0.131834000000
-0.160094400000
-0.137584400000
-0.073410370000
-0.099227020000
-0.095158730000
0.006301135000
0.145901800000
0.231670900000
0.226860900000
0.184430200000
0.165825500000
0.167322000000
0.106532100000
-0.083761070000
-0.215512400000
-0.197640000000
-0.107103900000
-0.066209200000
-0.098041570000
-0.143178800000
-0.104395700000
0.006822799000
0.093755010000
0.115632600000
0.072146490000
0.010908280000
-0.046759970000
-0.081493560000
-0.150077900000
-0.188921200000
-0.172814000000
-0.098062910000
0.066306320000
0.050092680000
-0.047903570000
-0.063656230000
-0.026112890000
0.052898510000
0.086400550000
0.107502500000
0.142631400000
0.181768700000
0.227300600000
0.272670300000
0.209985100000
0.139729500000
0.135789300000
0.051367860000
-0.132089400000
-0.236725100000
-0.145167000000
-0.112575100000
-0.070489010000
0.014067800000
0.048596680000
0.042403050000
-0.051850230000
-0.128767600000
-0.116557400000
-0.024285380000
0.008669565000
0.005450201000
0.027761430000
0.021278050000
0.041723680000
0.075669010000
0.090183340000
0.125450600000
0.153807300000
0.115308100000
0.026319980000
-0.011618200000
-0.026122890000
-0.018227380000
-0.005407293000
-0.038560660000
-0.061637430000
-0.056777430000
-0.065634380000
-0.061334350000
-0.042815530000
-0.022813610000
-0.008461481000
-0.004938680000
0.011962440000
0.025546540000
0.071780830000
0.068854190000
0.044769710000
0.035859770000
0.040653530000
0.087402980000
0.110030400000
0.097047660000
0.089655530000
0.095444860000
0.055024130000
0.021685280000
-0.012348190000
-0.047962650000
-0.099783890000
-0.131713100000
-0.046203490000
0.015933800000
-0.001037029000
-0.077489140000
-0.089080460000
-0.108842000000
-0.068137860000
0.002092210000
-0.006155484000
0.029706740000
0.042956600000
0.029875170000
-0.032871040000
-0.018202310000
0.006674605000
-0.008369221000
-0.049425070000
-0.101921300000
-0.088864990000
-0.070668970000
-0.069540600000
-0.071703740000
-0.059833700000
-0.044840400000
-0.012175570000
0.017106950000
0.056116220000
0.106597500000
0.090883790000
0.040066820000
0.018919650000
0.041426460000
0.068144880000
0.081298350000
0.034240210000
-0.015114930000
-0.031049760000
-0.040609540000
-0.050732360000
-0.085142370000
-0.107998800000
-0.132564700000
-0.107846300000
-0.032280780000
0.073727660000
0.118402500000
0.078176660000
0.060046080000
0.018468790000
-0.042323220000
-0.093794460000
-0.068943150000
0.006147285000
0.016645220000
-0.020235810000
-0.075450290000
-0.044345200000
0.006821273000
-0.026454950000
-0.085931910000
-0.088127640000
-0.072640640000
-0.016418890000
0.029353000000
0.037251290000
0.039202000000
0.048694610000
0.103693600000
0.134731700000
0.128714300000
0.086037100000
0.086623250000
0.130177900000
0.176533600000
0.185051300000
0.140412900000
0.102494200000
0.106614800000
0.095204960000
0.010008360000
-0.066514130000
-0.107837400000
-0.106215600000
-0.048932370000
-0.036504620000
-0.074986040000
-0.043744310000
0.027812940000
0.061634310000
0.070626880000
0.031841660000
-0.030205640000
-0.057813620000
-0.056440320000
-0.058440110000
-0.069385280000
-0.090413100000
-0.087630030000
-0.081973550000
-0.078292800000
-0.088309600000
-0.068635170000
-0.026817530000
-0.049023210000
-0.102506100000
-0.100539800000
-0.027932280000
0.022893140000
0.074567250000
0.088463670000
0.041615030000
0.025923350000
0.035265550000
-0.028068210000
-0.101312200000
-0.146416500000
-0.145547300000
-0.092498960000
-0.055519620000
-0.019414400000
0.021760250000
0.039715660000
0.007120929000
-0.001941350000
-0.011131090000
-0.041226720000
-0.024651190000
-0.000175735300
0.011330460000
0.033374310000
0.070411180000
0.116451600000
0.167641100000
0.207811500000
0.177725400000
0.107112600000
0.071111540000
0.091632830000
0.123082400000
0.097892450000
0.088960300000
0.106557400000
0.104283800000
0.033575500000
-0.066266040000
-0.111030600000
-0.117017800000
-0.100685400000
-0.069133410000
-0.063426200000
-0.095108090000
-0.111160500000
-0.047174460000
0.050794940000
0.110280800000
0.136739000000
0.122079100000
0.084482540000
0.052890670000
0.021028540000
0.001403398000
0.003276823000
-0.001723500000
-0.021507670000
-0.029732150000
-0.039156110000
-0.045193640000
-0.008232026000
0.037552630000
0.043631770000
0.003156107000
-0.028923910000
-0.033574040000
0.016969070000
0.042522210000
-0.020904310000
-0.057750630000
-0.062174170000
-0.067533030000
-0.075535670000
-0.057089700000
-0.034513720000
-0.053143660000
-0.082813050000
-0.113602400000
-0.127077200000
-0.127064400000
-0.109653500000
-0.037986770000
0.025957590000
0.054064290000
0.076399860000
0.090794760000
0.100431400000
0.105609600000
0.104792300000
0.100512100000
0.072936210000
0.021889110000
-0.015953060000
-0.044530530000
-0.085722330000
-0.103442900000
-0.101966000000
-0.100648100000
-0.101082700000
-0.060000070000
0.018378820000
0.075869170000
0.103296000000
0.098882660000
0.092942370000
0.091173880000
0.088202820000
0.073014260000
0.046707710000
0.026271280000
0.015354550000
0.007273444000
0.003581420000
0.003385983000
0.005005150000
-0.007472058000
-0.024870740000
-0.024518340000
-0.033246970000
-0.068647560000
-0.110731200000
-0.146259200000
-0.157575500000
-0.137001400000
-0.123574500000
-0.121111500000
-0.100924000000
-0.069005410000
-0.029511270000
0.014220990000
0.037759320000
0.041006810000
0.039725530000
0.042901660000
0.036511250000
-0.004007337000
-0.038030540000
-0.038659930000
-0.029503430000
0.002266496000
0.028654920000
0.037070970000
0.037030220000
0.044064200000
0.057260030000
0.068757560000
0.069640010000
0.048437420000
0.035268360000
0.031051860000
0.036558030000
0.036356290000
0.029626590000
0.034713590000
0.043443030000
0.050124320000
0.038429320000
0.003227419000
-0.006714168000
-0.012194260000
-0.011495170000
0.004758937000
0.008163100000
0.012017100000
0.009522635000
0.000692967700
-0.006859642000
-0.009166378000
-0.022554380000
-0.042301040000
-0.051089820000
-0.058385320000
-0.067849300000
-0.076726790000
-0.081036710000
-0.069273430000
-0.035395530000
-0.001798111000
0.014587840000
0.023601250000
0.017785910000
0.003983979000
0.002867807000
-0.003413632000
-0.023262080000
-0.039184530000
-0.042148900000
-0.028001720000
-0.012703980000
-0.010726390000
-0.014081370000
-0.004632268000
0.027677090000
0.053361540000
0.069521260000
0.077989170000
0.078390930000
0.064332160000
0.033631080000
0.021977490000
0.024854820000
0.027221150000
0.028686830000
0.022871760000
0.010277780000
0.007316699000
0.007648178000
0.001200746000
-0.010722040000
-0.046006890000
-0.070570510000
-0.065972330000
-0.051243500000
-0.032157220000
-0.014844710000
-0.004845601000
-0.006419398000
-0.010082150000
-0.001394732000
0.010937150000
0.015977070000
0.019776660000
0.024500380000
0.029288380000
0.017127040000
-0.011344110000
-0.044851990000
-0.072562200000
-0.081593150000
-0.085317030000
-0.073749040000
-0.042174790000
-0.004877309000
0.015127090000
0.018081190000
0.017516280000
0.017698020000
0.022934880000
0.030992040000
0.035427190000
0.031594230000
0.029429980000
0.026291640000
0.022962570000
0.025526030000
0.033008960000
0.035778480000
0.032950230000
0.028741930000
0.021439970000
0.016512570000
0.028535540000
0.042457730000
0.042506920000
0.040494690000
0.043012280000
0.047010910000
0.048091310000
0.049174780000
0.046611760000
0.042993030000
0.037735160000
0.026954000000
0.018117970000
0.012894770000
0.004934930000
-0.007649598000
-0.015911370000
-0.014702440000
-0.003956507000
0.020795040000
0.048863620000
0.065207310000
0.071805910000
0.075963650000
0.078496540000
0.080080820000
0.067234130000
0.041326340000
0.024829090000
0.001786472000
-0.021355080000
-0.030527740000
-0.041388500000
-0.052974470000
-0.056419840000
-0.054394950000
-0.060252620000
-0.071972230000
-0.080051470000
-0.080436860000
-0.077759180000
-0.077599890000
-0.068189200000
-0.046046890000
-0.026182230000
-0.012573230000
-0.004948590000
-0.030349510000
-0.067103030000
-0.077356950000
-0.077043690000
-0.067064910000
-0.046821870000
-0.030072340000
-0.015703500000
-0.000269777100
0.012731240000
0.019687720000
0.020038690000
0.013608680000
0.005290647000
-0.002557170000
-0.010239760000
-0.013189550000
-0.012395940000
-0.012988530000
-0.019259460000
-0.027401080000
-0.032559210000
-0.029995950000
-0.024408380000
-0.015856720000
-0.005031474000
0.004323940000
0.018575340000
0.038597900000
0.060693100000
0.074118280000
0.080170890000
0.081379530000
0.077258630000
0.057860180000
0.027762940000
-0.006359229000
-0.032620270000
-0.040978270000
-0.046582290000
-0.048881520000
-0.044487520000
-0.031871300000
-0.023207590000
-0.020199800000
-0.019142250000
-0.022865450000
-0.028851030000
-0.032943490000
-0.030274380000
-0.027839890000
-0.028399110000
-0.026886710000
-0.015468090000
-0.007691889000
-0.011041860000
-0.011496070000
-0.001098509000
0.016595100000
0.031592840000
0.055777710000
0.077181030000
0.078657620000
0.072592310000
0.070043960000
0.066428680000
0.057687870000
0.044961930000
0.033154990000
0.032144730000
0.033387650000
0.032399810000
0.019852300000
0.005046506000
-0.002642766000
-0.012231290000
-0.016724930000
-0.010076090000
0.003894286000
0.008314393000
-0.001658732000
-0.014468490000
-0.020978740000
-0.024832920000
-0.024972270000
-0.024098780000
-0.019850120000
-0.016056400000
-0.008699827000
0.006997275000
0.019386500000
0.026459480000
0.027901020000
0.017946090000
0.002174084000
-0.006071353000
-0.010220490000
-0.013136450000
-0.016056510000
-0.015716660000
-0.015011660000
-0.016920930000
-0.021666850000
-0.028411970000
-0.028021190000
-0.021518580000
-0.016441950000
-0.016154230000
-0.019710900000
-0.022688230000
-0.028597050000
-0.033936720000
-0.034713950000
-0.030538070000
-0.028957080000
-0.035242360000
-0.041344040000
-0.043887980000
-0.041361510000
-0.029824380000
-0.008847159000
0.002326826000
0.010360220000
0.027781670000
0.042726550000
0.047590770000
0.044027720000
0.040777800000
0.040883660000
0.037039050000
0.023204560000
0.012208700000
0.010568260000
0.008641203000
0.003224702000
-0.003994153000
-0.004927781000
0.003511355000
0.016430320000
0.024404300000
0.024443700000
0.015652930000
0.002872940000
-0.004109389000
-0.003492734000
0.005234946000
0.013729030000
0.014014140000
0.006859361000
0.002964484000
0.004513332000
0.003826325000
-0.002116755000
-0.009298131000
-0.014726140000
-0.018368150000
-0.020858590000
-0.020788840000
-0.019315580000
-0.019488630000
-0.022780840000
-0.024934760000
-0.024459130000
-0.023754000000
-0.024225980000
-0.023570860000
-0.017790280000
-0.008822190000
-0.002784583000
-0.004390870000
-0.010737120000
-0.015583970000
-0.014967720000
-0.013693590000
-0.012455160000
-0.006859315000
-0.001737783000
-0.000955344600
-0.004090742000
-0.006307132000
-0.002854377000
0.005296485000
0.021168730000
0.036614600000
0.047894780000
0.055593730000
0.057361350000
0.054700130000
0.049640870000
0.041983670000
0.031607120000
0.021090820000
0.018956860000
0.025715260000
0.031378160000
0.035574280000
0.038574960000
0.038416670000
0.033377670000
0.027193210000
0.023314950000
0.020372010000
0.015699140000
0.004073931000
-0.008265287000
-0.024880360000
-0.039309580000
-0.042003720000
-0.031475610000
-0.009391936000
0.006301425000
0.016094070000
0.021800590000
0.021027030000
0.014127340000
0.002193939000
-0.009145837000
-0.013821970000
-0.012312830000
-0.010351840000
-0.004734173000
0.004327006000
0.011081960000
0.009771747000
0.002029408000
-0.002840623000
-0.004052947000
-0.002531683000
-0.000550411900
0.000986127300
-0.001887826000
-0.008109432000
-0.013299830000
-0.021295240000
-0.031253140000
-0.042123950000
-0.049051450000
-0.051834710000
-0.051531460000
-0.047433830000
-0.040459800000
-0.034548620000
-0.032603220000
-0.033626030000
-0.034732480000
-0.032071080000
-0.028109180000
-0.024355370000
-0.022107100000
-0.018295170000
-0.013540780000
-0.009773757000
-0.005472266000
0.001607694000
0.009205803000
0.012961560000
0.009808850000
0.000432088700
-0.008780464000
-0.013113340000
-0.010203220000
-0.003706785000
0.002940600000
0.007613256000
0.011028240000
0.011057840000
0.011589260000
0.016153760000
0.023621160000
0.029153620000
0.028355940000
0.023724080000
0.017238870000
0.011427870000
0.007727237000
0.006898917000
0.008044287000
0.010740050000
0.015513540000
0.019591380000
0.022851170000
0.024727840000
0.023709740000
0.019156310000
0.015001690000
0.015082100000
0.019346540000
0.023169310000
0.027245040000
0.031173880000
0.032706720000
0.034367070000
0.033975160000
0.031626880000
0.025888130000
0.021816030000
0.020156240000
0.020669030000
0.020079200000
0.018753940000
0.019013750000
0.017977130000
0.017561700000
0.015921230000
0.012973120000
0.008314454000
0.000796726400
-0.006123288000
-0.012135510000
-0.011820680000
-0.007753272000
-0.005137332000
-0.005870058000
-0.008424511000
-0.011567510000
-0.015603020000
-0.019566100000
-0.021326010000
-0.020564470000
-0.019736630000
-0.019932890000
-0.022873960000
-0.028397680000
-0.032946290000
-0.033519960000
-0.032848230000
-0.032222390000
-0.033064330000
-0.033292250000
-0.032018720000
-0.026146030000
-0.017059310000
-0.011250890000
-0.011867440000
-0.013943620000
-0.013216850000
-0.011301770000
-0.007384443000
-0.001900398000
0.002500403000
0.003346501000
0.001369236000
-0.000335693100
0.000973474700
0.002427479000
0.002381060000
0.002334639000
0.005068735000
0.005683267000
0.005557278000
0.005315005000
0.001165110000
-0.002654308000
-0.008861548000
-0.014654670000
-0.016147470000
-0.013754080000
-0.010031630000
-0.012852480000
-0.018056050000
-0.022084580000
-0.022811380000
-0.018013850000
-0.013602910000
-0.005496511000
0.003315730000
0.007533888000
0.007939287000
0.005909943000
0.002241460000
-0.003885224000
-0.007799529000
-0.004507535000
-0.002472181000
-0.006859767000
-0.013472990000
-0.020015840000
-0.023621080000
-0.026561290000
-0.025546960000
-0.021521580000
-0.015734670000
-0.012714000000
-0.010377730000
-0.004576542000
0.000666715600
0.005363255000
0.007745413000
0.009222833000
0.010867540000
0.014233990000
0.017406660000
0.017644790000
0.017704420000
0.016199370000
0.014939120000
0.014754960000
0.016539420000
0.017964830000
0.017203370000
0.017291580000
0.016991160000
0.017290500000
0.020299990000
0.023413520000
0.025733490000
0.026869250000
0.025696750000
0.025075060000
0.022299120000
0.020688030000
0.020273400000
0.017390370000
0.013959610000
0.009505795000
0.009778660000
0.013869390000
0.017169620000
0.019200980000
0.019073000000
0.017834240000
0.014964510000
0.014475470000
0.014735110000
0.014505150000
0.014432280000
0.014665410000
0.016165380000
0.019621730000
0.022699650000
0.025035020000
0.023697380000
0.018116550000
0.007629512000
-0.006995655000
-0.014942870000
-0.017367810000
-0.016406350000
-0.012051330000
-0.003838669000
0.003974158000
0.005677190000
-0.000546190700
-0.006875646000
-0.009321954000
-0.009543638000
-0.007641673000
-0.004773763000
-0.000918486100
0.000707077700
-0.000298952000
-0.004119155000
-0.008404470000
-0.011187320000
-0.013271460000
-0.014281530000
-0.011081040000
-0.005604922000
-0.001133496000
-0.001320401000
-0.004871258000
-0.007406188000
-0.007113670000
-0.004140584000
-0.000833950700
-0.000898409100
-0.002474500000
-0.004533042000
-0.003018516000
-0.000011721690
-0.005153699000
-0.009608188000
-0.009874549000
-0.011660700000
-0.012868510000
-0.011286600000
-0.009746505000
-0.008918362000
-0.010395400000
-0.012417130000
-0.014043080000
-0.015030500000
-0.011452390000
-0.006413632000
-0.006156625000
-0.010995520000
-0.012975360000
-0.015393780000
-0.016046580000
-0.015051040000
-0.015198920000
-0.016591180000
-0.018698460000
-0.016713490000
-0.014026740000
-0.010472990000
-0.008246243000
-0.006189828000
-0.002266802000
0.000377153000
0.002517239000
0.003254836000
0.001920823000
-0.000258759300
-0.000863450800
0.002603708000
0.007263257000
0.009181059000
0.006778150000
0.001426433000
0.000850366600
0.005047912000
0.007899067000
0.007128214000
0.005779032000
0.005086741000
0.005697002000
0.007299734000
0.008704596000
0.008217373000
0.006858060000
0.003518937000
0.000390966700
0.001168588000
-0.000877138700
-0.004760893000
-0.008536518000
-0.007254968000
-0.004142508000
-0.003274036000
-0.003085892000
-0.002575415000
-0.001636527000
0.000746693900
0.004767026000
0.007208412000
0.008303408000
0.005630538000
0.002159020000
0.001723034000
0.005131441000
0.011334660000
0.017929580000
0.022100980000
0.022773790000
0.020704860000
0.017388480000
0.013335680000
0.010951610000
0.009975145000
0.011973010000
0.016371990000
0.020336440000
0.024364150000
0.023292900000
0.017758130000
0.010502640000
0.004795523000
0.000190018300
-0.003477074000
-0.005450952000
-0.004093498000
-0.001601790000
-0.000668629600
-0.000516776000
-0.000762709300
-0.001445189000
0.001316884000
0.007122649000
0.010344770000
0.012133800000
0.011856330000
0.007827306000
0.001800119000
-0.002736835000
-0.004544257000
-0.003649685000
0.000478300400
0.006982898000
0.009392211000
0.009856396000
0.009461755000
0.009195647000
0.009498713000
0.009553931000
0.011368660000
0.009647068000
0.006155786000
0.002030079000
-0.002781055000
-0.006073396000
-0.009424885000
-0.013332260000
-0.017800620000
-0.021938490000
-0.025482700000
-0.029629720000
-0.033635970000
-0.040603270000
-0.047894900000
-0.050448630000
-0.045855200000
-0.037680540000
-0.032177250000
-0.027265550000
-0.024568250000
-0.021411930000
-0.016854130000
-0.013359160000
-0.011921500000
-0.010581760000
-0.009227716000
-0.009092564000
-0.010847460000
-0.015509340000
-0.020966800000
-0.024485240000
-0.025297600000
-0.023777210000
-0.021689690000
-0.018092560000
-0.014928900000
-0.009968004000
-0.005761887000
-0.003596778000
-0.002380256000
-0.003876922000
-0.003722195000
-0.001634554000
0.000928419300
0.002135825000
0.004625383000
0.004998455000
0.005481699000
0.007484756000
0.010631240000
0.014887500000
0.018538920000
0.020066710000
0.018673230000
0.017027810000
0.015793490000
0.014827420000
0.012632270000
0.009564011000
0.004260944000
-0.001843830000
-0.006328832000
-0.008109802000
-0.006195300000
-0.003061886000
0.000760039200
0.002192117000
0.001553607000
0.002793948000
0.001573041000
-0.001194174000
-0.003809397000
-0.006083929000
-0.006738690000
-0.005119859000
-0.003714196000
-0.001856662000
-0.000000137131
0.002634660000
0.005930427000
0.009261907000
0.013383900000
0.015984060000
0.017294940000
0.017047290000
0.017483040000
0.017313950000
0.017090800000
0.017136950000
0.018181690000
0.021059380000
0.024381780000
0.025327610000
0.023560250000
0.021009540000
0.017536760000
0.014590310000
0.012071240000
0.010696630000
0.012416720000
0.014156180000
0.014957260000
0.014930110000
0.014526580000
0.012353370000
0.007949423000
0.004102408000
0.004342542000
0.002376424000
0.001330357000
-0.003193902000
-0.008179192000
-0.009480233000
-0.011593190000
-0.009434369000
-0.007246985000
-0.006547773000
-0.006071930000
-0.004354741000
-0.004581664000
-0.005659258000
-0.007811924000
-0.009149602000
-0.008387092000
-0.008760856000
-0.009533430000
-0.008994278000
-0.005392058000
-0.002559930000
-0.000828376700
-0.001061335000
-0.001139247000
-0.002956252000
-0.003992949000
-0.003647540000
-0.004230324000
-0.005157862000
-0.005961973000
-0.004419059000
-0.002514038000
-0.000104110700
-0.000904117700
-0.001295098000
-0.002255233000
-0.002543183000
-0.001621407000
0.000470313900
0.001899040000
0.004175392000
0.007075990000
0.006747271000
0.006316559000
0.007412790000
0.008424368000
0.008892289000
0.008768613000
0.009135563000
0.009412756000
0.007917194000
0.006163576000
0.003503182000
0.001410931000
-0.001683976000
-0.003442679000
-0.003744820000
-0.005629997000
-0.008275071000
-0.010990520000
-0.013177610000
-0.014666000000
-0.014038900000
-0.011623740000
-0.009658396000
-0.007052493000
-0.004902526000
-0.005232178000
-0.006121808000
-0.006625877000
-0.006726023000
-0.006599729000
-0.006845733000
-0.005553576000
-0.004831597000
-0.006640238000
-0.005735679000
-0.002796218000
0.000740963000
0.001876044000
0.001956445000
0.001366707000
-0.001155930000
-0.002842169000
-0.002300728000
0.002138132000
0.004102472000
0.005591491000
0.007082551000
0.008182948000
0.008468364000
0.008974098000
0.008766852000
0.010562890000
0.013335050000
0.016863040000
0.019810640000
0.019526890000
0.019833710000
0.017550750000
0.015769630000
0.012715550000
0.009355456000
0.006430904000
0.002639349000
-0.000582029600
-0.001490051000
-0.001464777000
-0.001500706000
-0.001488699000
-0.002477317000
-0.003260918000
-0.005091044000
-0.006457075000
-0.007920008000
-0.007506149000
-0.003916014000
0.001316315000
0.004955400000
0.004528759000
0.005225133000
0.006217301000
0.006400603000
0.006040238000
0.006208229000
0.006349692000
0.006295308000
0.006366379000
0.005967223000
0.005709839000
0.001481589000
-0.003239328000
-0.007201374000
-0.009620167000
-0.010388610000
-0.011363100000
-0.011234980000
-0.010488740000
-0.009454871000
-0.009485892000
-0.011153000000
-0.011123860000
-0.011804650000
-0.012143740000
-0.013489600000
-0.016472550000
-0.017707240000
-0.018686930000
-0.016901410000
-0.015132230000
-0.013153960000
-0.012042690000
-0.012824560000
-0.012634370000
-0.010612280000
-0.009436804000
-0.008729515000
-0.007298036000
-0.007578129000
-0.008625275000
-0.007139772000
-0.003607140000
-0.001728961000
0.000656145900
0.003867441000
0.006098502000
0.007349331000
0.004904687000
0.000816810500
-0.000794519700
-0.000155743200
0.000725779700
0.002188689000
0.003371084000
0.003519186000
0.003665233000
0.002523006000
0.001481744000
0.000947408100
0.000760877200
0.002308331000
0.004753370000
0.007821613000
0.009205823000
0.007337235000
0.004532272000
0.003634694000
0.003848899000
0.003696908000
0.003387821000
0.001720077000
-0.000571923300
-0.001486941000
-0.001586994000
-0.001002645000
0.001712466000
0.003646240000
0.005113858000
0.005324817000
0.004320938000
0.004812361000
0.004934527000
0.004619094000
0.002661443000
0.000732332800
-0.000400175600
-0.001776483000
-0.001089349000
0.000994145200
0.004021120000
0.007113356000
0.007672912000
0.005825249000
0.004035706000
0.003415063000
0.003579800000
0.003784297000
0.003533852000
0.004374787000
0.004764862000
0.005828117000
0.006444590000
0.008409483000
0.010720140000
0.011387540000
0.011319510000
0.008073138000
0.005530543000
0.002982826000
0.000908366800
0.000492405800
-0.000312197500
-0.001593163000
-0.004103251000
-0.006550121000
-0.008362576000
-0.009422292000
-0.008578712000
-0.007176193000
-0.006000139000
-0.005670708000
-0.004988380000
-0.002652657000
0.000368483600
0.001771880000
0.003354773000
0.003295441000
0.002025346000
0.001587545000
0.002435942000
0.003965673000
0.003616539000
0.004121121000
0.003886179000
0.004823190000
0.005032918000
0.005424180000
0.005306437000
0.004038109000
0.004480295000
0.007164416000
0.009109012000
0.008933001000
0.006815904000
0.004173482000
0.002535734000
0.002459580000
0.003571699000
0.003475092000
0.003154060000
0.001500880000
0.001104315000
0.000708742200
0.001753383000
0.002053397000
0.001054925000
0.000818365500
0.001619119000
0.003453106000
0.003468406000
0.004282338000
0.004427123000
0.003377461000
0.004470791000
0.005820114000
0.006234070000
0.004448877000
0.003616339000
0.002434932000
0.002512178000
0.003642035000
0.003808985000
0.005715006000
0.005199520000
0.005700946000
0.004074624000
0.003777335000
0.002922077000
0.000964170300
-0.001077404000
-0.004631666000
-0.006547837000
-0.009714556000
-0.012001050000
-0.014761860000
-0.017073910000
-0.018160950000
-0.020014050000
-0.020155620000
-0.020023860000
-0.019587140000
-0.017317520000
-0.015690530000
-0.014210440000
-0.013088390000
-0.012141820000
-0.011682840000
-0.010845460000
-0.011413670000
-0.012464370000
-0.015103240000
-0.016398810000
-0.014596650000
-0.013853290000
-0.010758840000
-0.008493700000
-0.005459499000
-0.003782947000
-0.003817984000
-0.003906088000
-0.002426481000
-0.000036041530
0.002351309000
0.003835932000
0.005083887000
0.006045193000
0.008060132000
0.009192744000
0.010992410000
0.012076010000
0.011738710000
0.013428130000
0.012945940000
0.011421280000
0.008761346000
0.006225815000
0.004168638000
0.002135914000
0.000997702200
0.001494523000
0.000327698100
0.000262445600
-0.000173093700
-0.001115599000
-0.001238052000
-0.001167751000
-0.000946516700
-0.001207768000
-0.001269126000
-0.000584836300
0.000875707700
0.003287313000
0.007030623000
0.009965135000
0.010798330000
0.009992637000
0.008571940000
0.005864224000
0.004617993000
0.004022566000
0.005383611000
0.006459558000
0.005335162000
0.004487672000
0.003660246000
0.002458592000
0.001196697000
0.000296534300
0.000666849800
0.001698773000
0.001956970000
0.000863670600
-0.000746974500
-0.001293893000
-0.000336145700
0.001245307000
-0.000229240000
-0.001161123000
-0.002560215000
-0.004214796000
-0.005233665000
-0.005500270000
-0.003779695000
-0.001751366000
0.001500055000
0.004030028000
0.006640226000
0.007668935000
0.007634980000
0.006542390000
0.004911708000
0.004712271000
0.004075055000
0.002501526000
0.001955681000
0.000585413700
-0.000870905400
-0.001948897000
-0.001874197000
-0.000724758700
0.000467856200
0.002436242000
0.003202858000
0.003498363000
0.003797540000
0.002368104000
0.000105559400
-0.001140987000
-0.001852508000
-0.002959699000
-0.003996815000
-0.004962737000
-0.005945251000
-0.006015487000
-0.005771245000
-0.005446403000
-0.004524810000
-0.004211814000
-0.004336384000
-0.004141745000
-0.004062942000
-0.003080842000
-0.002312053000
-0.002048906000
-0.002531338000
-0.003381520000
-0.004051370000
-0.004746875000
-0.004993788000
-0.004831119000
-0.004649809000
-0.004447468000
-0.004142781000
-0.003845005000
-0.003714593000
-0.003497435000
-0.003275414000
-0.002973956000
-0.002198982000
-0.001437669000
-0.001389750000
-0.001346242000
-0.001355571000
-0.001559617000
-0.001976943000
-0.002073530000
-0.001476322000
-0.001467385000
-0.001750500000
-0.001879707000
-0.001623037000
-0.001145577000
-0.000369152100
0.000493876700
0.000783695400
0.001129101000
0.001394161000
0.001635574000
0.001964550000
0.002197413000
0.002082181000
0.001689205000
0.001577359000
0.001778525000
0.001879024000
0.001769596000
0.001702009000
0.001288405000
0.000997119000
0.000992008200
0.001151501000
0.001232582000
0.001244336000
0.001165650000
0.001028314000
0.000985364700
0.000978061600
0.001010553000
0.000984208500
0.000921661600
0.000853745500
0.000831367800
0.000799343900
0.000794337300
0.000874877800
0.000925456800
0.000915224200
0.000858106500
0.000793029200
0.000756903500
0.000751123000
0.000737330100
0.000731339200
0.000728956800
0.000668644700
0.000600224400
0.000510656500
0.000429002900
0.000346753100
0.000291887900
0.000234518600
0.000213940700
0.000207950900
0.000192129500
0.000182634200
0.000164036800
0.000149738500
0.000133899700
0.000136019700
0.000137753500
0.000138854400
0.000148848700
0.000154707300
0.000157583200
0.000160114700
0.000156825700
0.000155604900
0.000158062400
0.000165442500
0.000171317900
0.000174573100
0.000178663600
0.000183745000
0.000188239800
0.000189873500
0.000190281500
0.000191289100
0.000192734000
0.000193925200
0.000195653000
0.000196696000
0.000196139800
0.000193998900
0.000189332500
0.000183148500
0.000175832200
0.000167782000
0.000159159700
0.000149986000
0.000140348600
0.000130157600
0.000119490500
0.000108403100
0.000096965530
0.000085228100
0.000073240530
0.000061054530
0.000048716880
0.000036274810
0.000000000000
0.000000000000
0.000000000000
0.000000000000
0.000000000000
0.000000000000
0.000000000000
0.000000000000
0.000000000000
0.000000000000
0.000000000000
0.000000000000
0.000000000000
0.000000000000
0.000000000000
0.000000000000
0.000000000000
0.000000000000
0.000000000000
0.000000000000
0.000000000000
0.000000000000
0.000000000000
0.000000000000
0.000000000000
0.000000000000
0.000000000000
0.000000000000
0.000000000000
0.000000000000
0.000000000000
0.000000000000
0.000000000000
0.000000000000
0.000000000000
0.000000000000
0.000000000000
0.000000000000
0.000000000000
0.000000000000
0.000000000000
0.000000000000
0.000000000000
0.000000000000
0.000000000000
0.000000000000
0.000000000000
0.000000000000
0.000000000000
0.000000000000
0.000000000000
0.000000000000
0.000000000000
0.000000000000
0.000000000000
0.000000000000
0.000000000000
0.000000000000
0.000000000000
0.000000000000
0.000000000000
0.000000000000
0.000000000000
0.000000000000
0.000000000000
0.000000000000
0.000000000000
0.000000000000
0.000000000000
0.000000000000
0.000000000000
0.000000000000
0.000000000000
0.000000000000
0.000000000000
0.000000000000
0.000000000000
0.000000000000
0.000000000000
0.000000000000
0.000000000000
0.000000000000
0.000000000000
0.000000000000
0.000000000000
0.000000000000
0.000000000000
0.000000000000
0.000000000000
0.000000000000
0.000000000000
0.000000000000
0.000000000000
0.000000000000
0.000000000000
0.000000000000
0.000000000000
0.000000000000
0.000000000000
0.000000000000
0.000000000000
0.000000000000
0.000000000000
0.000000000000
0.000000000000
0.000000000000
0.000000000000
0.000000000000
0.000000000000
0.000000000000
0.000000000000
0.000000000000
0.000000000000
0.000000000000
0.000000000000
0.000000000000
0.000000000000
0.000000000000
0.000000000000
0.000000000000
0.000000000000
0.000000000000
0.000000000000
0.000000000000
0.000000000000
0.000000000000
0.000000000000
0.000000000000
0.000000000000
0.000000000000
0.000000000000
0.000000000000
0.000000000000
0.000000000000
0.000000000000
0.000000000000
0.000000000000
0.000000000000
0.000000000000
0.000000000000
0.000000000000
0.000000000000
0.000000000000
0.000000000000
0.000000000000
0.000000000000
0.000000000000
0.000000000000
0.000000000000
0.000000000000
0.000000000000
0.000000000000
0.000000000000
0.000000000000
0.000000000000
0.000000000000
0.000000000000
0.000000000000
0.000000000000
0.000000000000
0.000000000000
0.000000000000
0.000000000000
0.000000000000
0.000000000000
0.000000000000
0.000000000000
0.000000000000
0.000000000000
0.000000000000
0.000000000000
0.000000000000
0.000000000000
0.000000000000
0.000000000000
0.000000000000
0.000000000000
0.000000000000
0.000000000000
0.000000000000
0.000000000000
0.000000000000
0.000000000000
0.000000000000
0.000000000000
0.000000000000
0.000000000000
0.000000000000
0.000000000000
0.000000000000
0.000000000000
0.000000000000
0.000000000000
0.000000000000
0.000000000000
0.000000000000
0.000000000000
0.000000000000
0.000000000000
0.000000000000
0.000000000000
0.000000000000
0.000000000000
0.000000000000
0.000000000000
0.000000000000
0.000000000000
0.000000000000
0.000000000000
0.000000000000
0.000000000000
0.000000000000
0.000000000000
0.000000000000
0.000000000000
0.000000000000
0.000000000000
0.000000000000
0.000000000000
0.000000000000
0.000000000000
0.000000000000
0.000000000000
0.000000000000
0.000000000000
0.000000000000
0.000000000000
0.000000000000
0.000000000000
0.000000000000
0.000000000000
0.000000000000
0.000000000000
0.000000000000
0.000000000000
0.000000000000
0.000000000000
0.000000000000
0.000000000000
0.000000000000
0.000000000000
0.000000000000
0.000000000000
0.000000000000
0.000000000000
0.000000000000
0.000000000000
0.000000000000
0.000000000000
0.000000000000
