0.000299714700
0.000297325800
0.000294649600
0.000292946700
0.000293847900
0.000294039400
0.000299632700
0.000314524300
0.000323610300
0.000327864100
0.000325350000
0.000302441300
0.000295193100
0.000336135200
0.000381606900
0.000391339700
0.000343404000
0.000267745700
0.000333204300
0.000319449700
0.000248283400
0.000232545700
0.000304697300
0.000345209300
0.000332098700
0.000329581200
0.000340142300
0.000346027500
0.000341307100
0.000226606300
0.000067656860
0.000086622150
0.000304074300
0.000416339900
0.000390939300
0.000382151200
0.000355720500
0.000029151600
-0.000444467600
-0.000279519000
0.000380495400
0.000544948100
0.000275346900
-0.000426018900
-0.000836191100
-0.000784484400
-0.000724766700
-0.000378339900
0.000219447500
-0.000087689850
-0.000901879600
-0.001054957000
-0.000225859300
0.000716543600
0.001121260000
0.000770417400
-0.000137494200
-0.001599106000
-0.002352942000
-0.001782497000
-0.000881511100
0.000900355400
0.002676677000
0.001914744000
-0.000946878600
-0.003862963000
-0.006085588000
-0.006772213000
-0.006692024000
-0.006700365000
-0.006055105000
-0.004564559000
-0.003008993000
-0.001083893000
0.000578369900
-0.000682821300
-0.004300734000
-0.008053978000
-0.010758030000
-0.010411440000
-0.006536738000
-0.001327878000
0.001218095000
0.001496737000
0.003259138000
0.004422647000
0.002615374000
-0.002332482000
-0.008205405000
-0.012435550000
-0.013438260000
-0.013079450000
-0.011283290000
-0.004386408000
0.005533519000
0.010340130000
0.006637502000
-0.003569929000
-0.013300020000
-0.015971890000
-0.014218990000
-0.012462900000
-0.011065410000
-0.010025590000
-0.008916065000
-0.007759219000
-0.006742135000
-0.005649795000
-0.007127648000
-0.014330400000
-0.019779820000
-0.017259100000
-0.008949208000
-0.001393579000
0.002271097000
0.004593139000
0.003267068000
-0.003005823000
-0.010675490000
-0.015929820000
-0.017982030000
-0.016599250000
-0.011141880000
-0.005735591000
-0.003759804000
-0.005100566000
-0.007221860000
-0.005866912000
0.000933030600
0.007976488000
0.007079413000
-0.003951528000
-0.017632500000
-0.022882180000
-0.014052710000
0.002382799000
0.012134830000
0.005528617000
-0.012827430000
-0.029603810000
-0.036901310000
-0.034828950000
-0.024239590000
-0.013369680000
-0.009991190000
-0.012530550000
-0.013753100000
-0.007380743000
0.007321351000
0.019666160000
0.022584140000
0.019436890000
0.012043780000
0.002420867000
-0.001858892000
0.005226713000
0.013982020000
0.013318970000
0.000608027200
-0.010893610000
-0.007656971000
0.004727582000
0.012961820000
0.006688170000
-0.014276340000
-0.032284930000
-0.034418130000
-0.022535080000
-0.006663468000
-0.000525241800
-0.003661428000
-0.003885203000
0.006727242000
0.026288550000
0.036368490000
0.028575240000
0.006545435000
-0.018030420000
-0.025939720000
-0.012535800000
0.007040645000
0.013715490000
0.003931630000
-0.010710400000
-0.013551960000
-0.004676396000
0.003696639000
0.005616670000
-0.000198536300
-0.012150530000
-0.024198290000
-0.031556980000
-0.029119830000
-0.017362160000
-0.007212611000
-0.002244041000
0.006186137000
0.019285960000
0.025745480000
0.024300040000
0.022216410000
0.019450710000
0.012483360000
0.001471705000
-0.007227847000
-0.007564614000
-0.000064928720
0.009379073000
0.016678640000
0.020046430000
0.012864850000
-0.006787753000
-0.019898630000
-0.014471620000
0.005507906000
0.023971560000
0.030158760000
0.028815270000
0.023576620000
0.015506310000
0.010245460000
0.007828820000
0.003870654000
-0.001413909000
-0.003338677000
0.001451738000
0.008693594000
0.009945542000
0.000971761000
-0.013991670000
-0.023081200000
-0.020842110000
-0.011069500000
0.002383993000
0.013943750000
0.017157600000
0.012045580000
0.004948826000
-0.000738673100
-0.005375778000
-0.007854505000
-0.007147582000
-0.007915412000
-0.012847650000
-0.021330910000
-0.029651630000
-0.037801080000
-0.047069720000
-0.051977080000
-0.043738640000
-0.022613670000
-0.002629536000
0.007759764000
0.010204760000
0.006790404000
0.003729131000
0.009989769000
0.023574070000
0.032303100000
0.026452330000
0.012817260000
0.005747341000
0.015420330000
0.035672790000
0.050442190000
0.056170030000
0.057558200000
0.053889570000
0.043035570000
0.032777680000
0.033427460000
0.042611440000
0.048573070000
0.041497050000
0.024474540000
0.012746910000
0.014843960000
0.026344090000
0.042954930000
0.055221490000
0.056332830000
0.047791870000
0.036139770000
0.027339210000
0.020961530000
0.015990930000
0.013943230000
0.015969480000
0.020179270000
0.023941590000
0.026535810000
0.026900350000
0.027148500000
0.030542320000
0.036678570000
0.045729710000
0.060855960000
0.081765410000
0.105385800000
0.126042200000
0.141783500000
0.152225200000
0.157739300000
0.157184400000
0.150101600000
0.140087400000
0.130549400000
0.118329300000
0.099873720000
0.081097290000
0.072251610000
0.073929140000
0.078938500000
0.078176000000
0.065848660000
0.039907100000
0.011437820000
-0.009049766000
-0.027351800000
-0.047608740000
-0.064544890000
-0.074184530000
-0.071726050000
-0.055345220000
-0.032751040000
-0.022103720000
-0.031192130000
-0.059822410000
-0.104026700000
-0.145064700000
-0.168887500000
-0.176304100000
-0.176134700000
-0.174551200000
-0.166829500000
-0.135808800000
-0.079294290000
-0.029015610000
-0.012792790000
-0.024148880000
-0.050135070000
-0.075171750000
-0.083025680000
-0.071819520000
-0.049860220000
-0.021397720000
0.027009880000
0.097244100000
0.136456200000
0.137044800000
0.130132500000
0.125229000000
0.112020600000
0.081541780000
0.030847410000
-0.027876250000
-0.081563740000
-0.122276600000
-0.144430900000
-0.155212700000
-0.165608100000
-0.173998100000
-0.173020200000
-0.152363400000
-0.103521700000
-0.052918010000
-0.030745860000
-0.027065580000
-0.024578110000
-0.022112940000
-0.022785250000
-0.028612460000
-0.047245360000
-0.078116290000
-0.099936290000
-0.103514400000
-0.097105270000
-0.078472070000
-0.039106150000
0.007755142000
0.044155830000
0.073820480000
0.103203900000
0.126796600000
0.139258600000
0.136528200000
0.112761300000
0.061067340000
-0.016598370000
-0.103648600000
-0.173822400000
-0.204791700000
-0.200732600000
-0.165015800000
-0.095152300000
-0.022934630000
0.042356890000
0.106483100000
0.148709500000
0.170466300000
0.179781200000
0.172386500000
0.158124400000
0.135221600000
0.093799300000
0.049538310000
0.024905290000
0.019254550000
0.017317960000
0.013351880000
0.008768402000
0.001655400000
-0.013497730000
-0.042197630000
-0.078570060000
-0.102398200000
-0.107036600000
-0.088590420000
-0.042814660000
0.014109880000
0.050609070000
0.060354840000
0.049709920000
0.012819230000
-0.045048400000
-0.096790160000
-0.135667900000
-0.164260100000
-0.176455600000
-0.170451200000
-0.143971500000
-0.099121890000
-0.057430650000
-0.022393590000
0.018895020000
0.073951320000
0.132195500000
0.168450800000
0.172534300000
0.154640800000
0.111842700000
0.043478100000
0.005161380000
-0.000991887500
0.000528105800
0.006249628000
0.017280070000
0.024279680000
0.020190540000
0.014571820000
0.016881710000
0.023915560000
0.032794330000
0.047392900000
0.064407810000
0.072978650000
0.072745850000
0.071126780000
0.067549480000
0.058021000000
0.039748730000
0.007695624000
-0.037202730000
-0.081848380000
-0.108496900000
-0.108773600000
-0.082862760000
-0.018689850000
0.060996850000
0.104234800000
0.108388800000
0.092698030000
0.056419250000
0.003948359000
-0.047839510000
-0.081282640000
-0.095113970000
-0.107813500000
-0.131231700000
-0.155287600000
-0.162951000000
-0.154732700000
-0.125164000000
-0.071250840000
-0.024025180000
-0.007943298000
-0.007349243000
0.008310103000
0.053105740000
0.109009500000
0.150281400000
0.174322400000
0.188130700000
0.192598600000
0.189627100000
0.182615600000
0.175539700000
0.170429600000
0.164880000000
0.154851100000
0.141767100000
0.129426900000
0.121512100000
0.120007100000
0.114699600000
0.090376940000
0.039346290000
-0.030924770000
-0.076482680000
-0.087785400000
-0.082765150000
-0.070717590000
-0.060422720000
-0.063519970000
-0.085461960000
-0.118153300000
-0.150613600000
-0.174857000000
-0.191620700000
-0.197923100000
-0.193893800000
-0.183735400000
-0.174258000000
-0.171171200000
-0.175188400000
-0.187695700000
-0.209602700000
-0.233188400000
-0.246282100000
-0.248856100000
-0.239629000000
-0.186745600000
-0.103143100000
-0.025918690000
0.031247180000
0.059630880000
0.066549130000
0.063796640000
0.058775650000
0.056100020000
0.061892190000
0.081564100000
0.107994200000
0.127677800000
0.130695900000
0.113552900000
0.087370050000
0.072169770000
0.077782030000
0.097694630000
0.125875100000
0.151264200000
0.158610600000
0.142788800000
0.106267900000
0.063005110000
0.030450730000
0.004020814000
-0.023381910000
-0.049577680000
-0.066053000000
-0.079378620000
-0.102325700000
-0.126136200000
-0.137117000000
-0.138142200000
-0.129645600000
-0.109740800000
-0.094117380000
-0.094813200000
-0.102563400000
-0.101346700000
-0.080160780000
-0.050121730000
-0.040183960000
-0.055196640000
-0.078168630000
-0.091100700000
-0.093526070000
-0.090872880000
-0.081050540000
-0.056365710000
-0.020527870000
0.007726815000
0.027261790000
0.054129310000
0.095260850000
0.141857400000
0.183064800000
0.203738700000
0.209099400000
0.208056900000
0.194821600000
0.158120200000
0.111173300000
0.083693590000
0.066139410000
0.046819780000
0.031253510000
0.025266580000
0.024936010000
0.025003310000
0.024091710000
0.025373190000
0.031275510000
0.044960410000
0.058655130000
0.059083670000
0.042260790000
0.001242324000
-0.043068240000
-0.061421450000
-0.070397950000
-0.083622350000
-0.094171870000
-0.096326250000
-0.090571760000
-0.077474260000
-0.061676080000
-0.050573540000
-0.046206070000
-0.050187520000
-0.069697130000
-0.098591960000
-0.116968600000
-0.120651600000
-0.115533400000
-0.098024840000
-0.040750250000
0.039768630000
0.084471550000
0.095532520000
0.103389800000
0.107642300000
0.098028200000
0.063122470000
0.000550888400
-0.054022150000
-0.090078630000
-0.117743200000
-0.140016600000
-0.162326300000
-0.182201000000
-0.192653600000
-0.195222000000
-0.199387700000
-0.197248600000
-0.109952500000
0.086191950000
0.272647500000
0.354708300000
0.357621400000
0.342752700000
0.315127500000
0.255052100000
0.193307900000
0.101005100000
0.028477410000
0.013404570000
-0.009289201000
-0.054398710000
-0.067422570000
-0.044134570000
-0.009296150000
0.019266370000
0.043364990000
0.074355670000
0.109342800000
0.144151400000
0.182196100000
0.213903200000
0.227702200000
0.201995200000
0.129453900000
0.052944810000
-0.003392274000
-0.046017490000
-0.086477980000
-0.116860100000
-0.119623600000
-0.105355300000
-0.086244070000
-0.063569170000
-0.023574920000
0.034835060000
0.096077850000
0.144796900000
0.167625000000
0.170527200000
0.166649900000
0.150170400000
0.105281500000
0.047569060000
0.003143355000
-0.018415800000
-0.032262480000
-0.050258390000
-0.067844190000
-0.077016220000
-0.080276040000
-0.084128490000
-0.093658040000
-0.115200800000
-0.151831400000
-0.193522700000
-0.217234200000
-0.203298800000
-0.128450100000
-0.015713450000
0.092570240000
0.156264600000
0.167905300000
0.156692000000
0.124893500000
0.090945050000
0.080679690000
0.084605420000
0.084085830000
0.073358650000
0.048460740000
0.016377980000
-0.000569144400
0.008751220000
0.054424010000
0.125265700000
0.150160900000
0.121009500000
0.063003040000
-0.015287210000
-0.071702900000
-0.080254930000
-0.062048270000
-0.044575370000
-0.043090080000
-0.062520370000
-0.095222770000
-0.130274600000
-0.163205200000
-0.187895200000
-0.199749100000
-0.203385700000
-0.198842600000
-0.175993000000
-0.125561500000
-0.071727770000
-0.049952920000
-0.054157650000
-0.062553840000
-0.063689130000
-0.046649070000
0.004268393000
0.071615640000
0.107011200000
0.110355500000
0.101577800000
0.080063330000
0.036384400000
-0.028738920000
-0.100075300000
-0.149999300000
-0.169698600000
-0.165517200000
-0.124296000000
-0.013424320000
0.093129730000
0.134127700000
0.141167600000
0.140214200000
0.125957700000
0.092878990000
0.054271810000
0.022361900000
-0.007183625000
-0.032274860000
-0.044035740000
-0.044925330000
-0.043986170000
-0.044192510000
-0.044388230000
-0.044301390000
-0.044267750000
-0.044998050000
-0.052956910000
-0.075922820000
-0.105299900000
-0.124543400000
-0.134370700000
-0.138408000000
-0.137072100000
-0.131504100000
-0.120178800000
-0.096408150000
-0.061945800000
-0.023354300000
0.013149740000
0.039294050000
0.049368950000
0.042413800000
0.013969550000
-0.033024370000
-0.069924070000
-0.083212290000
-0.085301810000
-0.086112330000
-0.086440190000
-0.086328630000
-0.087069380000
-0.093191260000
-0.111563300000
-0.139911000000
-0.162350600000
-0.172778100000
-0.178966300000
-0.185106900000
-0.187026000000
-0.178108900000
-0.143899800000
-0.076241480000
-0.008802256000
0.022321350000
0.019326010000
0.000681035200
-0.021449450000
-0.030507600000
-0.020211630000
0.007052894000
0.039732450000
0.071205430000
0.101308500000
0.125519600000
0.135292700000
0.135165100000
0.133777400000
0.136962700000
0.145611200000
0.158562600000
0.175292500000
0.193696700000
0.209916000000
0.218435900000
0.214464300000
0.198777500000
0.180662100000
0.162082800000
0.140782100000
0.118449300000
0.102032800000
0.097278040000
0.104392200000
0.121389500000
0.140610100000
0.162972100000
0.192445300000
0.231450700000
0.254337300000
0.254583400000
0.244700400000
0.237586000000
0.234671000000
0.230006100000
0.209490200000
0.158461700000
0.091256490000
0.025603600000
-0.030842740000
-0.061802170000
-0.070825860000
-0.073283850000
-0.076264720000
-0.077820300000
-0.079328830000
-0.090346220000
-0.124943600000
-0.180489800000
-0.238056400000
-0.284527400000
-0.300878300000
-0.289885400000
-0.249372500000
-0.184484700000
-0.117075000000
-0.053519720000
0.012098470000
0.071637020000
0.115089200000
0.136269800000
0.133055800000
0.098897980000
0.039248630000
0.002269407000
-0.007481311000
-0.009830218000
-0.011316570000
-0.009619949000
-0.004367366000
0.004515997000
0.014686020000
0.020096170000
0.017496600000
0.011975240000
0.008515988000
0.009152991000
0.013867460000
0.023251710000
0.034885320000
0.047792490000
0.058640430000
0.065640250000
0.071355740000
0.079006520000
0.093865090000
0.126511800000
0.173769800000
0.205077900000
0.210119700000
0.206537000000
0.205012000000
0.202700000000
0.194875200000
0.173841600000
0.124744500000
0.047407630000
-0.030643680000
-0.079094350000
-0.104129000000
-0.131040200000
-0.164228000000
-0.193464200000
-0.213721600000
-0.223513900000
-0.219982400000
-0.197987300000
-0.156911200000
-0.117003900000
-0.093827660000
-0.077264780000
-0.060682240000
-0.051493870000
-0.052370000000
-0.059547490000
-0.066988950000
-0.071077990000
-0.069404660000
-0.058087170000
-0.038564370000
-0.023761090000
-0.022470380000
-0.032210270000
-0.054777410000
-0.087631240000
-0.114758200000
-0.126394800000
-0.126153700000
-0.116312300000
-0.102452000000
-0.094684810000
-0.094821090000
-0.100961900000
-0.108105600000
-0.108985200000
-0.095380580000
-0.054161560000
0.004984515000
0.060576430000
0.104071700000
0.132252400000
0.161071800000
0.219100100000
0.270547900000
0.297785800000
0.313688400000
0.312880200000
0.290675200000
0.239983500000
0.189168000000
0.149851700000
0.119155300000
0.098994810000
0.080995000000
0.050933770000
0.002827987000
-0.051652790000
-0.103790400000
-0.155110600000
-0.203924700000
-0.234286100000
-0.241150000000
-0.238242300000
-0.233946900000
-0.223524400000
-0.192016700000
-0.140499500000
-0.107222200000
-0.101985500000
-0.108655000000
-0.120102200000
-0.132246300000
-0.140626100000
-0.144713700000
-0.143785400000
-0.137845400000
-0.125692200000
-0.104675900000
-0.081066600000
-0.064030150000
-0.047232810000
-0.020872450000
0.009256001000
0.033563210000
0.047786630000
0.053750800000
0.053953670000
0.048772680000
0.038501790000
0.027873100000
0.021645940000
0.021340360000
0.024505290000
0.027646630000
0.027803860000
0.024809680000
0.019706320000
0.012606230000
0.004814248000
-0.005852672000
-0.025379880000
-0.057374270000
-0.094000040000
-0.129255700000
-0.157745700000
-0.170416500000
-0.168180200000
-0.152933000000
-0.113586000000
-0.048884370000
0.015650960000
0.064786610000
0.096400680000
0.113907600000
0.121451400000
0.121722500000
0.117298800000
0.111383900000
0.103740200000
0.092172900000
0.077576760000
0.065595860000
0.059974830000
0.059515040000
0.062214230000
0.067669600000
0.071719710000
0.070599990000
0.061209140000
0.041106760000
0.014450760000
-0.004513617000
-0.012600880000
-0.017076990000
-0.021107610000
-0.025965140000
-0.027296780000
-0.020689820000
-0.008478801000
0.006674716000
0.020398110000
0.031378340000
0.045279140000
0.062503970000
0.075198150000
0.080068550000
0.077151670000
0.069384140000
0.058540230000
0.046945600000
0.034098640000
0.015934660000
-0.006959131000
-0.027468830000
-0.041422560000
-0.048348600000
-0.049523040000
-0.046626090000
-0.040118180000
-0.033978720000
-0.032320470000
-0.035923570000
-0.045393270000
-0.058426000000
-0.069581010000
-0.076986530000
-0.080714210000
-0.081673490000
-0.076419480000
-0.060729110000
-0.033525630000
-0.006953939000
0.008298080000
0.018727580000
0.028464550000
0.035460420000
0.039889600000
0.040192950000
0.036296760000
0.025117050000
0.001309839000
-0.032412110000
-0.061463820000
-0.075251240000
-0.075716800000
-0.063853630000
-0.037528390000
-0.004937542000
0.011829150000
0.015711210000
0.020153870000
0.030260700000
0.045570410000
0.059052120000
0.066011400000
0.068095330000
0.066699960000
0.063250650000
0.058470490000
0.053411130000
0.048736010000
0.046191090000
0.047648480000
0.053929320000
0.064691640000
0.075219580000
0.082681120000
0.085693300000
0.084315760000
0.077603380000
0.062544800000
0.038798180000
0.014728480000
-0.001183324000
-0.010769380000
-0.020989430000
-0.032536800000
-0.042748910000
-0.046867340000
-0.043210560000
-0.032760220000
-0.015649940000
0.004632847000
0.024719760000
0.041879480000
0.052060950000
0.054734460000
0.052803140000
0.048211470000
0.041307920000
0.034443550000
0.032038400000
0.037693500000
0.054228840000
0.077754320000
0.093883860000
0.096411610000
0.088498400000
0.068797920000
0.031893440000
-0.015531550000
-0.056340680000
-0.081354210000
-0.101389300000
-0.123096800000
-0.141783400000
-0.150218500000
-0.144710300000
-0.123243900000
-0.087082000000
-0.044977330000
-0.010595380000
0.012068010000
0.035020320000
0.059866670000
0.078676050000
0.091641130000
0.100917600000
0.108324100000
0.114190200000
0.116015600000
0.111652300000
0.102444700000
0.092565760000
0.084680150000
0.076277550000
0.066310330000
0.055682910000
0.045227770000
0.037133420000
0.030860250000
0.022549470000
0.009847070000
-0.009812297000
-0.036459550000
-0.061806540000
-0.083977810000
-0.100368400000
-0.109002200000
-0.110712800000
-0.105214500000
-0.088493980000
-0.055978050000
-0.016449950000
0.006456701000
0.011794610000
0.012790400000
0.013280420000
0.013657850000
0.015984630000
0.020722000000
0.025782790000
0.027960850000
0.023425120000
0.010644590000
-0.003017179000
-0.010317490000
-0.013138640000
-0.014347010000
-0.017702700000
-0.030573800000
-0.055792910000
-0.089094440000
-0.122162000000
-0.150578300000
-0.167139600000
-0.170625700000
-0.164474100000
-0.149577900000
-0.114788400000
-0.065898540000
-0.019752840000
0.015714480000
0.031695320000
0.034139400000
0.031463490000
0.028740530000
0.025632300000
0.022945880000
0.022007590000
0.021355840000
0.016931950000
0.009399830000
0.002931707000
0.000681209300
0.001833150000
0.005229868000
0.009171165000
0.012923030000
0.016767590000
0.020194660000
0.023172740000
0.027444320000
0.031858830000
0.034307920000
0.033363610000
0.027219990000
0.009755383000
-0.018518990000
-0.044611720000
-0.061797720000
-0.071388820000
-0.075842280000
-0.078883240000
-0.079575230000
-0.076274360000
-0.066907110000
-0.050068720000
-0.026573390000
-0.001650245000
0.015914280000
0.023823090000
0.024033700000
0.017741440000
0.009758373000
0.004803979000
0.006550114000
0.014256970000
0.025273330000
0.035248140000
0.041878240000
0.044303800000
0.044064120000
0.044681620000
0.048750230000
0.055810740000
0.065304440000
0.074020260000
0.079167800000
0.078730950000
0.070939400000
0.057464220000
0.042722720000
0.032270950000
0.027725030000
0.027060930000
0.027435870000
0.028453260000
0.030668740000
0.031812190000
0.031606470000
0.031450210000
0.031687490000
0.033567040000
0.034459050000
0.031241160000
0.023518100000
0.012357200000
0.001856310000
-0.006514311000
-0.013204120000
-0.016354330000
-0.014546890000
-0.010505610000
-0.005824784000
-0.002653946000
-0.004305025000
-0.012644670000
-0.028303320000
-0.048454460000
-0.070038570000
-0.086782880000
-0.095993960000
-0.099496390000
-0.099139130000
-0.093754780000
-0.084536270000
-0.073177400000
-0.061933880000
-0.050200460000
-0.037818160000
-0.026617480000
-0.019976070000
-0.020310870000
-0.027101800000
-0.037160860000
-0.048028250000
-0.058977230000
-0.067220470000
-0.069783800000
-0.067624170000
-0.059244780000
-0.040993650000
-0.014208410000
0.010020700000
0.024652310000
0.033520940000
0.036876220000
0.035547260000
0.032897710000
0.031846150000
0.032474600000
0.035035220000
0.039852410000
0.046920860000
0.055393060000
0.062556130000
0.065983230000
0.064890300000
0.058473660000
0.045588430000
0.030925890000
0.021706330000
0.017395770000
0.014122940000
0.008758325000
0.002177656000
-0.006866412000
-0.019219330000
-0.031126790000
-0.038760270000
-0.043375240000
-0.045128540000
-0.040102210000
-0.028218940000
-0.013191520000
0.000921933300
0.012215150000
0.020293300000
0.024201560000
0.023385730000
0.019539030000
0.015278410000
0.008589291000
0.000789535100
-0.007597501000
-0.016927530000
-0.025698260000
-0.034136320000
-0.041602970000
-0.046384880000
-0.044456370000
-0.035532340000
-0.022011910000
-0.005397401000
0.015103070000
0.036027790000
0.049740960000
0.055105000000
0.054693850000
0.050651440000
0.044238080000
0.033157970000
0.016721390000
-0.000767315200
-0.012416800000
-0.018327100000
-0.018922910000
-0.012619140000
-0.004109396000
0.003061314000
0.007328411000
0.008805506000
0.011036600000
0.012413820000
0.013927260000
0.015948920000
0.014446070000
0.008152933000
-0.003120600000
-0.017755570000
-0.032503510000
-0.043026880000
-0.048015100000
-0.050594760000
-0.050416280000
-0.045746200000
-0.036550070000
-0.024390250000
-0.008562932000
0.011788130000
0.032340470000
0.049548960000
0.063022350000
0.072561070000
0.079513590000
0.083758300000
0.086797390000
0.088045790000
0.087445090000
0.085310120000
0.081716610000
0.075892410000
0.070738350000
0.067463400000
0.065353060000
0.062881540000
0.060197440000
0.056562890000
0.050168810000
0.036850360000
0.016524300000
-0.005337578000
-0.025995090000
-0.044160590000
-0.058718690000
-0.067936770000
-0.072247190000
-0.072533520000
-0.070315870000
-0.063713730000
-0.048567150000
-0.026299300000
-0.004376337000
0.013720800000
0.027307590000
0.035759060000
0.040702810000
0.045336350000
0.050355050000
0.055374200000
0.059587480000
0.060288180000
0.058469540000
0.057650810000
0.055804420000
0.053166860000
0.049085190000
0.041373530000
0.030270080000
0.015653320000
0.000003767208
-0.011468350000
-0.017304970000
-0.018163580000
-0.017612400000
-0.017616920000
-0.017736160000
-0.016695040000
-0.011880900000
-0.003228033000
0.007674177000
0.017631000000
0.025917310000
0.031552790000
0.034911450000
0.038382610000
0.042268170000
0.045266590000
0.044909600000
0.041180350000
0.035370340000
0.026973820000
0.017222880000
0.007653683000
-0.000930900300
-0.010118550000
-0.019068020000
-0.025339120000
-0.029988900000
-0.034834940000
-0.039764280000
-0.043060770000
-0.044453370000
-0.046309390000
-0.047343380000
-0.047129670000
-0.045435370000
-0.041974010000
-0.038817330000
-0.035660870000
-0.033203470000
-0.030824330000
-0.030041990000
-0.030382190000
-0.030942470000
-0.034042760000
-0.039312040000
-0.044663400000
-0.049515650000
-0.054181870000
-0.057662940000
-0.060464680000
-0.063432960000
-0.064213860000
-0.062570570000
-0.058191110000
-0.049365450000
-0.036623120000
-0.022611420000
-0.010993380000
-0.003921983000
-0.003002557000
-0.008186532000
-0.020347360000
-0.040900160000
-0.061028810000
-0.069411180000
-0.069669140000
-0.066824680000
-0.060201470000
-0.051171710000
-0.040299910000
-0.028922760000
-0.017757230000
-0.007902224000
-0.000984343100
0.004491841000
0.007781181000
0.007086401000
0.003537833000
0.000347898300
-0.000831416700
0.000558614200
0.004969060000
0.011441150000
0.017113750000
0.020164350000
0.020344640000
0.018769330000
0.015980870000
0.011647260000
0.007898671000
0.008976087000
0.013230060000
0.017476610000
0.022160460000
0.026603090000
0.028778030000
0.028763410000
0.028515840000
0.028294990000
0.026642660000
0.022684350000
0.013997550000
-0.001789652000
-0.023765770000
-0.042698100000
-0.055257770000
-0.066038560000
-0.075398020000
-0.080511980000
-0.081096000000
-0.079026520000
-0.075209570000
-0.067840190000
-0.056543040000
-0.040186330000
-0.019195230000
-0.001464871000
0.007263497000
0.010456350000
0.010484950000
0.007742810000
0.003339724000
-0.001633593000
-0.005274631000
-0.007442473000
-0.008981935000
-0.006648476000
-0.002009400000
0.004413457000
0.011981490000
0.018566580000
0.024982830000
0.033822120000
0.043176680000
0.049780210000
0.055284100000
0.058232880000
0.058163740000
0.057426060000
0.056303900000
0.055726120000
0.054928830000
0.053743750000
0.052966420000
0.049780130000
0.043736750000
0.035184420000
0.023425540000
0.011780020000
0.005185686000
0.003181760000
0.003674872000
0.005861829000
0.008403268000
0.009616478000
0.009167181000
0.007659262000
0.006395687000
0.005413160000
0.006105102000
0.007538479000
0.009256520000
0.011179040000
0.011003200000
0.008419599000
0.004645000000
0.001134749000
-0.002563000000
-0.009442242000
-0.014954510000
-0.017113170000
-0.016573920000
-0.013732570000
-0.008776454000
-0.002441095000
0.002085938000
0.003314635000
0.002568203000
-0.000771470600
-0.004932374000
-0.005856460000
-0.002382522000
0.004891679000
0.012817790000
0.020142040000
0.026300190000
0.030251150000
0.033411700000
0.034798890000
0.034285160000
0.031322910000
0.024036580000
0.013276030000
0.004151402000
-0.000627863000
-0.002991157000
-0.003585861000
-0.004204378000
-0.007340464000
-0.011401120000
-0.014018580000
-0.015720360000
-0.016162720000
-0.014975650000
-0.011571660000
-0.007841287000
-0.004945548000
-0.001890706000
-0.000177749900
-0.000360835300
-0.003648894000
-0.007488331000
-0.009983371000
-0.012197710000
-0.013763100000
-0.012967930000
-0.010100490000
-0.005720201000
-0.001211123000
0.000954562500
0.000996882100
0.001957866000
0.004328840000
0.005339337000
0.004372493000
0.001000489000
-0.008054361000
-0.022829180000
-0.036564670000
-0.046311830000
-0.053086930000
-0.057399030000
-0.060661870000
-0.062242000000
-0.058456600000
-0.051246750000
-0.043000260000
-0.029584310000
-0.013000340000
0.001509596000
0.012148650000
0.019115190000
0.023065650000
0.025474660000
0.028125500000
0.032432350000
0.038251590000
0.044234080000
0.048808700000
0.052402850000
0.055581910000
0.058559880000
0.062320330000
0.065334050000
0.067241880000
0.066271660000
0.061229020000
0.052559340000
0.041475750000
0.032496850000
0.028027600000
0.026320880000
0.025283350000
0.023409770000
0.022726080000
0.024236870000
0.027589180000
0.032733430000
0.038000990000
0.040756590000
0.038261790000
0.030484340000
0.017199770000
0.001599262000
-0.009601505000
-0.016610220000
-0.021614020000
-0.025770280000
-0.026000670000
-0.021501630000
-0.015956830000
-0.011162760000
-0.008350687000
-0.008972409000
-0.011307200000
-0.015526210000
-0.019462820000
-0.020581820000
-0.020213240000
-0.020150910000
-0.021185880000
-0.024465560000
-0.028486140000
-0.031902930000
-0.033232550000
-0.032975240000
-0.032819250000
-0.032912570000
-0.033237820000
-0.034950460000
-0.037692810000
-0.040370200000
-0.043633970000
-0.046087310000
-0.047740680000
-0.049658410000
-0.051681230000
-0.053869720000
-0.053884380000
-0.050240450000
-0.043583880000
-0.038374290000
-0.036792130000
-0.035893240000
-0.033758710000
-0.032691020000
-0.032255510000
-0.030208680000
-0.027273960000
-0.023421020000
-0.018695790000
-0.015891110000
-0.015842160000
-0.016427950000
-0.018480200000
-0.021073240000
-0.024286660000
-0.028212470000
-0.033009530000
-0.039256070000
-0.046892160000
-0.054236710000
-0.059578130000
-0.062519830000
-0.062599550000
-0.060602890000
-0.055480900000
-0.045636580000
-0.033072780000
-0.020449820000
-0.008033450000
0.004082738000
0.013327620000
0.020059860000
0.024094160000
0.026039350000
0.026087090000
0.025846980000
0.025895390000
0.025793240000
0.023674500000
0.019687480000
0.015681150000
0.013335810000
0.013965940000
0.016472500000
0.017880800000
0.018087550000
0.019725230000
0.023315840000
0.029220560000
0.037584090000
0.045570780000
0.054099240000
0.062797510000
0.069358220000
0.075001720000
0.080011900000
0.083690120000
0.087257400000
0.090285180000
0.093454720000
0.095472570000
0.093893430000
0.089256020000
0.080412360000
0.067064250000
0.049835730000
0.031403030000
0.011738960000
-0.007421801000
-0.022156660000
-0.028582620000
-0.029074760000
-0.027472840000
-0.022605560000
-0.016558880000
-0.012413930000
-0.008816640000
-0.004268983000
-0.000881839200
0.000541535700
-0.001050926000
-0.005841838000
-0.011216060000
-0.015393260000
-0.016519530000
-0.014570450000
-0.008874558000
0.000085404890
0.009999146000
0.018288810000
0.025456340000
0.031809480000
0.034878200000
0.034063240000
0.028775250000
0.018757750000
0.008381586000
0.000625396600
-0.008346665000
-0.018150440000
-0.024988660000
-0.029413930000
-0.032644900000
-0.034050120000
-0.033483530000
-0.029331570000
-0.021516440000
-0.009908842000
0.003710137000
0.017407530000
0.029674750000
0.039949570000
0.047459250000
0.051234390000
0.050544550000
0.045202470000
0.035295170000
0.025297960000
0.016826670000
0.009060918000
0.004522335000
0.003632625000
0.004324574000
0.005924174000
0.010382110000
0.017729150000
0.024510860000
0.029254430000
0.032372560000
0.033289310000
0.031161580000
0.029904210000
0.029061710000
0.027419500000
0.028839350000
0.030697230000
0.030484350000
0.028305030000
0.025620210000
0.023200750000
0.020967890000
0.018426790000
0.017373820000
0.017443280000
0.015478530000
0.012627590000
0.010002070000
0.007748270000
0.005367003000
0.004575057000
0.003586934000
0.001375883000
0.000399205700
0.000657919200
0.000646021700
-0.001293732000
-0.003998459000
-0.006522552000
-0.007827433000
-0.007773711000
-0.009246560000
-0.012113560000
-0.015514270000
-0.021902760000
-0.030084940000
-0.037949340000
-0.043389410000
-0.045694980000
-0.045179480000
-0.042414370000
-0.039786020000
-0.036011980000
-0.032725800000
-0.032410310000
-0.032898220000
-0.033698790000
-0.036304310000
-0.037536100000
-0.037003800000
-0.034203710000
-0.028843440000
-0.022309530000
-0.016139900000
-0.010135250000
-0.006191899000
-0.005506902000
-0.007783044000
-0.012359110000
-0.018312570000
-0.025391790000
-0.031766360000
-0.036139660000
-0.037114550000
-0.034222850000
-0.028448460000
-0.021045600000
-0.013575720000
-0.007489687000
-0.002719809000
0.002117926000
0.007147550000
0.012234470000
0.018334900000
0.024656080000
0.030937050000
0.036283800000
0.040057370000
0.042357000000
0.042540930000
0.039785440000
0.038282440000
0.038497070000
0.036746700000
0.033926800000
0.030138120000
0.023418710000
0.015505870000
0.008106781000
0.001950381000
-0.002988182000
-0.006889612000
-0.009198065000
-0.011638700000
-0.014431100000
-0.018969750000
-0.024245570000
-0.029256160000
-0.034066980000
-0.037459140000
-0.039649070000
-0.041849670000
-0.044536860000
-0.047001010000
-0.050865850000
-0.054260670000
-0.055871340000
-0.057598910000
-0.058447060000
-0.057649910000
-0.055291200000
-0.051668860000
-0.047620180000
-0.041824240000
-0.034192640000
-0.025799730000
-0.018106500000
-0.013230710000
-0.012295330000
-0.016068650000
-0.021520040000
-0.026397590000
-0.028953490000
-0.028947000000
-0.027891610000
-0.024309860000
-0.018204720000
-0.010804350000
-0.003245219000
0.003564477000
0.007510542000
0.009605876000
0.012027680000
0.015703120000
0.019296990000
0.022025080000
0.026144280000
0.030119520000
0.032458910000
0.033958130000
0.031315110000
0.025788480000
0.019914800000
0.012190240000
0.002384942000
-0.006300034000
-0.011462440000
-0.013478090000
-0.015584660000
-0.016566200000
-0.016029360000
-0.013568530000
-0.011810230000
-0.011906290000
-0.011255500000
-0.008905822000
-0.007468890000
-0.007596672000
-0.006806372000
-0.002140935000
0.004636812000
0.010904300000
0.016186490000
0.018737010000
0.020860210000
0.021940050000
0.021762430000
0.021607070000
0.021678240000
0.021702470000
0.021680050000
0.021640030000
0.021434050000
0.020075790000
0.017164220000
0.012675130000
0.006739992000
-0.001388562000
-0.010044350000
-0.015874690000
-0.018371580000
-0.017972140000
-0.014012740000
-0.007542432000
0.000055573730
0.007345400000
0.013556010000
0.018783280000
0.021649570000
0.021567910000
0.019763060000
0.017711580000
0.016515510000
0.014682240000
0.013107550000
0.013016090000
0.013246510000
0.013665830000
0.015585380000
0.017449760000
0.017609870000
0.017793830000
0.020322550000
0.021995400000
0.021731030000
0.021474920000
0.021587170000
0.021962020000
0.024195530000
0.028806930000
0.034036040000
0.038842260000
0.042127590000
0.042118880000
0.038623420000
0.034462710000
0.029013280000
0.022580360000
0.018041670000
0.016898810000
0.016600600000
0.014505020000
0.012667220000
0.011370370000
0.009396708000
0.007956883000
0.006138333000
0.004568883000
0.004070090000
0.001907437000
-0.000006219367
-0.001072619000
-0.003319992000
-0.004160887000
-0.003810440000
-0.003696074000
-0.002749386000
0.000627142100
0.004760036000
0.009523431000
0.014325080000
0.017950470000
0.020910330000
0.021749840000
0.021357520000
0.021222340000
0.020672960000
0.017156480000
0.012372120000
0.008639065000
0.005160704000
0.001600449000
-0.000136890900
0.000061070220
0.000315332800
0.002179659000
0.006995024000
0.012334730000
0.016380420000
0.018583160000
0.020768190000
0.021388110000
0.019762970000
0.016797310000
0.012444590000
0.006707975000
0.000313000000
-0.005599164000
-0.009304437000
-0.012456300000
-0.016186230000
-0.018766500000
-0.022745300000
-0.027713590000
-0.030457480000
-0.032593170000
-0.033234070000
-0.030878100000
-0.025876870000
-0.018705880000
-0.012338060000
-0.008700043000
-0.009625280000
-0.014507880000
-0.019505970000
-0.021885110000
-0.024096160000
-0.024936880000
-0.022623870000
-0.018658360000
-0.013592890000
-0.007047824000
0.000514339800
0.006624150000
0.008723393000
0.008382899000
0.008186113000
0.008318574000
0.008293432000
0.006768475000
0.002451577000
-0.000927400000
-0.003158697000
-0.004542902000
-0.004529407000
-0.004322868000
-0.004591288000
-0.007239687000
-0.012367690000
-0.017244520000
-0.020126490000
-0.021040770000
-0.019013880000
-0.016776520000
-0.016748310000
-0.018273070000
-0.020872820000
-0.022699790000
-0.024202740000
-0.022553600000
-0.018952620000
-0.019818630000
-0.019959630000
-0.022149650000
-0.024307680000
-0.023654160000
-0.020151690000
-0.015340600000
-0.008441989000
0.000234368500
0.008403482000
0.014053290000
0.017410880000
0.017838940000
0.015443710000
0.012664810000
0.009279798000
0.004310027000
-0.000900401900
-0.005789141000
-0.010401240000
-0.014392400000
-0.019553570000
-0.025131030000
-0.029750400000
-0.032457220000
-0.034466090000
-0.035884800000
-0.035223140000
-0.032862340000
-0.030820630000
-0.029927270000
-0.027826410000
-0.026363210000
-0.025274700000
-0.023834170000
-0.021749590000
-0.018440520000
-0.014514480000
-0.010766230000
-0.007470417000
-0.005343513000
-0.004232561000
-0.003077404000
-0.002741509000
-0.003827192000
-0.004981243000
-0.005922007000
-0.006173043000
-0.005888748000
-0.005497178000
-0.004297292000
-0.003313428000
-0.003176817000
-0.002336191000
0.000826165000
0.004317242000
0.006233773000
0.006546496000
0.005703521000
0.003712800000
0.000662449300
-0.002267534000
-0.003872231000
-0.003421115000
-0.001956604000
-0.001368003000
-0.000293104100
0.001970687000
0.004250010000
0.005713540000
0.006706467000
0.008359955000
0.009587647000
0.010474830000
0.010295880000
0.008384903000
0.005557637000
0.002840624000
0.000921858200
-0.000714120000
-0.001879616000
-0.001807716000
-0.000669983700
0.000295796600
0.000430877400
-0.000367258500
-0.002027693000
-0.002287595000
-0.001036349000
0.000391013900
0.002665017000
0.004966008000
0.006653835000
0.007490297000
0.006474953000
0.003811731000
0.001314388000
-0.000350569500
-0.000408807100
0.000901395600
0.003662783000
0.006753202000
0.008711748000
0.010567090000
0.012792430000
0.014352180000
0.015682350000
0.017591090000
0.019192650000
0.019663750000
0.019229720000
0.018716000000
0.018137940000
0.016128140000
0.011971990000
0.007806911000
0.004518282000
0.002331523000
0.001094176000
-0.000345854000
-0.002535474000
-0.004389578000
-0.005122026000
-0.004327214000
-0.002347041000
0.000671800100
0.004056238000
0.005865250000
0.007729800000
0.009828716000
0.011388320000
0.012339750000
0.012635820000
0.012248640000
0.011266170000
0.009869938000
0.008520613000
0.007359102000
0.006616270000
0.006366477000
0.005848353000
0.005341582000
0.005247896000
0.005727250000
0.007048953000
0.007920117000
0.008433992000
0.008940742000
0.008588022000
0.007175127000
0.005062454000
0.002894694000
0.002003567000
0.002242194000
0.002795629000
0.003341803000
0.003836725000
0.004206664000
0.004212131000
0.003962095000
0.003732159000
0.003559475000
0.003600910000
0.003873396000
0.004116517000
0.004265861000
0.004360610000
0.004255658000
0.003582921000
0.002599450000
0.001450104000
0.000362367800
-0.000199739000
-0.000485182600
-0.000652803200
-0.000658395500
-0.000632690600
-0.000560707600
-0.000248200200
0.000212014900
0.000486000800
0.000566647200
0.000579528100
0.000469481200
0.000300491200
0.000151151700
0.000016521130
-0.000086325230
-0.000104717500
-0.000195538400
-0.000516809400
-0.000929041200
-0.001359743000
-0.001661736000
-0.001800185000
-0.001763510000
-0.001571155000
-0.001362918000
-0.001208127000
-0.001092761000
-0.001029647000
-0.001053828000
-0.001135149000
-0.001259388000
-0.001388770000
-0.001519076000
-0.001598915000
-0.001635809000
-0.001629278000
-0.001560862000
-0.001486185000
-0.001435442000
-0.001386738000
-0.001362181000
-0.001370975000
-0.001381417000
-0.001401483000
-0.001433173000
-0.001462834000
-0.001491013000
-0.001516519000
-0.001534642000
-0.001547748000
-0.001555826000
-0.001557919000
-0.001553611000
-0.001544371000
-0.001531634000
-0.001516314000
-0.001500700000
-0.001483887000
-0.001465509000
-0.001447365000
-0.001429215000
-0.001410499000
-0.001391264000
-0.001371487000
-0.001351321000
-0.001330921000
-0.001310092000
-0.001288856000
-0.001267165000
-0.001245026000
-0.001222492000
-0.001199606000
-0.001176383000
-0.001152831000
-0.001128955000
-0.001104759000
0.000000000000
0.000000000000
0.000000000000
0.000000000000
0.000000000000
0.000000000000
0.000000000000
0.000000000000
0.000000000000
0.000000000000
0.000000000000
0.000000000000
0.000000000000
0.000000000000
0.000000000000
0.000000000000
0.000000000000
0.000000000000
0.000000000000
0.000000000000
0.000000000000
0.000000000000
0.000000000000
0.000000000000
0.000000000000
0.000000000000
0.000000000000
0.000000000000
0.000000000000
0.000000000000
0.000000000000
0.000000000000
0.000000000000
0.000000000000
0.000000000000
0.000000000000
0.000000000000
0.000000000000
0.000000000000
0.000000000000
0.000000000000
0.000000000000
0.000000000000
0.000000000000
0.000000000000
0.000000000000
0.000000000000
0.000000000000
0.000000000000
0.000000000000
0.000000000000
0.000000000000
0.000000000000
0.000000000000
0.000000000000
0.000000000000
0.000000000000
0.000000000000
0.000000000000
0.000000000000
0.000000000000
0.000000000000
0.000000000000
0.000000000000
0.000000000000
0.000000000000
0.000000000000
0.000000000000
0.000000000000
0.000000000000
0.000000000000
0.000000000000
0.000000000000
0.000000000000
0.000000000000
0.000000000000
0.000000000000
0.000000000000
0.000000000000
0.000000000000
0.000000000000
0.000000000000
0.000000000000
0.000000000000
0.000000000000
0.000000000000
0.000000000000
0.000000000000
0.000000000000
0.000000000000
0.000000000000
0.000000000000
0.000000000000
0.000000000000
0.000000000000
0.000000000000
0.000000000000
0.000000000000
0.000000000000
0.000000000000
0.000000000000
0.000000000000
0.000000000000
0.000000000000
0.000000000000
0.000000000000
0.000000000000
0.000000000000
0.000000000000
0.000000000000
0.000000000000
0.000000000000
0.000000000000
0.000000000000
0.000000000000
0.000000000000
0.000000000000
0.000000000000
0.000000000000
0.000000000000
0.000000000000
0.000000000000
0.000000000000
0.000000000000
0.000000000000
0.000000000000
0.000000000000
0.000000000000
0.000000000000
0.000000000000
0.000000000000
0.000000000000
0.000000000000
0.000000000000
0.000000000000
0.000000000000
0.000000000000
0.000000000000
0.000000000000
0.000000000000
0.000000000000
0.000000000000
0.000000000000
0.000000000000
0.000000000000
0.000000000000
0.000000000000
0.000000000000
0.000000000000
0.000000000000
0.000000000000
0.000000000000
0.000000000000
0.000000000000
0.000000000000
0.000000000000
0.000000000000
0.000000000000
0.000000000000
0.000000000000
0.000000000000
0.000000000000
0.000000000000
0.000000000000
0.000000000000
0.000000000000
0.000000000000
0.000000000000
0.000000000000
0.000000000000
0.000000000000
0.000000000000
0.000000000000
0.000000000000
0.000000000000
0.000000000000
0.000000000000
0.000000000000
0.000000000000
0.000000000000
0.000000000000
0.000000000000
0.000000000000
0.000000000000
0.000000000000
0.000000000000
0.000000000000
0.000000000000
0.000000000000
0.000000000000
0.000000000000
0.000000000000
0.000000000000
0.000000000000
0.000000000000
0.000000000000
0.000000000000
0.000000000000
0.000000000000
0.000000000000
0.000000000000
0.000000000000
0.000000000000
0.000000000000
0.000000000000
0.000000000000
0.000000000000
0.000000000000
0.000000000000
0.000000000000
0.000000000000
0.000000000000
0.000000000000
0.000000000000
0.000000000000
0.000000000000
0.000000000000
0.000000000000
0.000000000000
0.000000000000
0.000000000000
0.000000000000
0.000000000000
0.000000000000
0.000000000000
0.000000000000
0.000000000000
0.000000000000
0.000000000000
0.000000000000
0.000000000000
0.000000000000
0.000000000000
0.000000000000
0.000000000000
0.000000000000
0.000000000000
0.000000000000
0.000000000000
0.000000000000
0.000000000000
0.000000000000
0.000000000000
0.000000000000
0.000000000000
0.000000000000
0.000000000000
0.000000000000
0.000000000000
0.000000000000
0.000000000000
0.000000000000
0.000000000000
0.000000000000
0.000000000000
0.000000000000
0.000000000000
0.000000000000
0.000000000000
0.000000000000
0.000000000000
0.000000000000
0.000000000000
0.000000000000
0.000000000000
0.000000000000
0.000000000000
0.000000000000
0.000000000000
0.000000000000
0.000000000000
0.000000000000
0.000000000000
0.000000000000
0.000000000000
0.000000000000
0.000000000000
0.000000000000
0.000000000000
0.000000000000
0.000000000000
0.000000000000
0.000000000000
0.000000000000
0.000000000000
0.000000000000
0.000000000000
0.000000000000
0.000000000000
0.000000000000
0.000000000000
0.000000000000
0.000000000000
0.000000000000
0.000000000000
0.000000000000
0.000000000000
0.000000000000
0.000000000000
0.000000000000
0.000000000000
0.000000000000
0.000000000000
0.000000000000
0.000000000000
0.000000000000
0.000000000000
0.000000000000
0.000000000000
0.000000000000
0.000000000000
0.000000000000
0.000000000000
0.000000000000
0.000000000000
0.000000000000
0.000000000000
0.000000000000
0.000000000000
0.000000000000
0.000000000000
0.000000000000
0.000000000000
0.000000000000
0.000000000000
0.000000000000
0.000000000000
0.000000000000
0.000000000000
0.000000000000
0.000000000000
0.000000000000
0.000000000000
0.000000000000
0.000000000000
0.000000000000
0.000000000000
0.000000000000
0.000000000000
0.000000000000
0.000000000000
0.000000000000
0.000000000000
0.000000000000
0.000000000000
0.000000000000
0.000000000000
0.000000000000
0.000000000000
0.000000000000
0.000000000000
0.000000000000
0.000000000000
0.000000000000
0.000000000000
0.000000000000
0.000000000000
0.000000000000
0.000000000000
0.000000000000
0.000000000000
0.000000000000
0.000000000000
0.000000000000
0.000000000000
0.000000000000
0.000000000000
0.000000000000
0.000000000000
0.000000000000
0.000000000000
0.000000000000
0.000000000000
0.000000000000
0.000000000000
0.000000000000
0.000000000000
0.000000000000
0.000000000000
0.000000000000
0.000000000000
0.000000000000
0.000000000000
0.000000000000
0.000000000000
0.000000000000
0.000000000000
0.000000000000
0.000000000000
0.000000000000
0.000000000000
0.000000000000
0.000000000000
0.000000000000
0.000000000000
0.000000000000
0.000000000000
0.000000000000
0.000000000000
0.000000000000
0.000000000000
0.000000000000
0.000000000000
0.000000000000
0.000000000000
0.000000000000
0.000000000000
0.000000000000
0.000000000000
0.000000000000
0.000000000000
0.000000000000
0.000000000000
0.000000000000
0.000000000000
0.000000000000
0.000000000000
0.000000000000
0.000000000000
0.000000000000
0.000000000000
0.000000000000
0.000000000000
0.000000000000
0.000000000000
0.000000000000
0.000000000000
0.000000000000
0.000000000000
0.000000000000
0.000000000000
0.000000000000
0.000000000000
0.000000000000
0.000000000000
0.000000000000
0.000000000000
0.000000000000
0.000000000000
0.000000000000
0.000000000000
0.000000000000
0.000000000000
0.000000000000
0.000000000000
0.000000000000
0.000000000000
0.000000000000
0.000000000000
0.000000000000
0.000000000000
0.000000000000
0.000000000000
0.000000000000
0.000000000000
0.000000000000
0.000000000000
0.000000000000
0.000000000000
0.000000000000
0.000000000000
0.000000000000
0.000000000000
0.000000000000
0.000000000000
0.000000000000
0.000000000000
0.000000000000
0.000000000000
0.000000000000
0.000000000000
0.000000000000
0.000000000000
0.000000000000
0.000000000000
0.000000000000
0.000000000000
0.000000000000
0.000000000000
0.000000000000
0.000000000000
0.000000000000
0.000000000000
0.000000000000
0.000000000000
0.000000000000
0.000000000000
0.000000000000
0.000000000000
0.000000000000
0.000000000000
0.000000000000
0.000000000000
0.000000000000
0.000000000000
0.000000000000
0.000000000000
0.000000000000
0.000000000000
0.000000000000
