0.002128698000
0.002559818000
0.004596539000
0.002111725000
0.002246391000
0.001786518000
0.002417147000
0.001126214000
0.001042061000
0.004125127000
0.002939610000
0.003829911000
0.001892889000
0.005796503000
0.003802592000
0.003660096000
-0.000765265000
0.000464367400
0.002141893000
0.000111831200
0.000478881400
-0.005345357000
0.006971215000
0.001323658000
0.003678110000
-0.007857688000
0.001115762000
0.001019479000
-0.003413735000
-0.008502703000
-0.007338965000
0.018512960000
-0.013811730000
-0.003223899000
0.000399477700
0.008490559000
-0.000026918240
-0.006023871000
0.010906840000
-0.005769316000
-0.000264447400
0.000834121800
-0.000576409500
0.003376319000
-0.008911295000
0.004307308000
0.004822930000
0.001701328000
0.005403622000
0.001246913000
0.003075658000
-0.004042941000
0.013667390000
-0.001511060000
-0.003868019000
0.009676915000
0.005368879000
-0.006593143000
-0.015696020000
0.007950343000
-0.006417588000
-0.003462769000
-0.008147663000
0.005918193000
0.018467400000
-0.008014632000
-0.016875050000
-0.021972610000
-0.008829419000
-0.003522804000
-0.011123190000
-0.020712470000
-0.003243129000
0.007896183000
0.003453040000
-0.006758122000
-0.008303282000
-0.001040660000
-0.010858870000
-0.020617850000
-0.004334111000
-0.005296448000
-0.003925965000
0.000329155700
-0.004709885000
0.005409372000
0.020146250000
-0.010656740000
-0.013619780000
0.009858727000
0.013206580000
0.006763541000
0.001820989000
0.002592551000
-0.004230732000
-0.008520264000
-0.021203300000
-0.005036587000
-0.007539881000
-0.001623004000
0.003384105000
0.008506544000
0.002857852000
-0.017665430000
-0.019188080000
-0.004160144000
0.017875260000
-0.027855010000
-0.017470930000
-0.006562500000
0.006894973000
0.008599054000
0.028130760000
0.048691710000
0.012936490000
0.003611567000
0.000306751800
-0.000443920000
-0.001132308000
-0.028466100000
-0.006260457000
0.024742750000
-0.005812017000
-0.018222960000
-0.050319830000
-0.018235190000
-0.018039760000
0.002697495000
0.012739100000
-0.022288960000
-0.027898120000
-0.034126370000
-0.031335710000
-0.050613720000
-0.036403030000
-0.029347590000
-0.012152260000
-0.032181790000
-0.041273790000
-0.031174450000
-0.007373383000
0.041647230000
0.009468764000
0.017921020000
0.010085980000
-0.014199560000
-0.027642460000
-0.013031230000
0.046774210000
0.028028500000
0.021832900000
0.003537098000
0.000176186100
0.026136250000
0.031441360000
0.052030190000
0.036934370000
-0.018759430000
-0.075698610000
-0.076406150000
-0.015659680000
0.052613420000
0.067434490000
0.081579350000
0.038263570000
-0.055412610000
-0.104681000000
-0.103288100000
-0.053730580000
0.045508040000
0.115736900000
0.080611010000
0.010119730000
-0.029489980000
-0.008963523000
0.016910840000
0.022103730000
0.034363220000
0.072108470000
0.060065520000
0.047166840000
0.036523420000
0.012481300000
0.019783840000
0.026474410000
-0.037082370000
-0.129376600000
-0.175215900000
-0.180522400000
-0.022915520000
0.074226860000
0.060053590000
0.065900920000
0.064696010000
0.086668610000
0.128020200000
0.047246240000
-0.068520840000
-0.045802490000
-0.039935520000
-0.027828160000
0.072102250000
0.159118500000
0.137637400000
0.056088440000
0.049334140000
0.110568900000
0.072340600000
-0.025525110000
-0.003651968000
0.021137380000
-0.024707200000
-0.081429050000
-0.063672510000
-0.065626410000
-0.086557390000
-0.111386800000
-0.057621030000
0.110023600000
0.183269400000
0.163103600000
0.132459300000
0.155641500000
0.163246300000
0.098993110000
-0.004566750000
-0.020080180000
0.012140360000
-0.004281835000
-0.001879910000
0.033973970000
-0.007834940000
-0.069354300000
-0.121824100000
-0.138291100000
-0.112229100000
-0.170947400000
-0.228420300000
-0.208829100000
-0.093361990000
-0.005657196000
0.039870630000
0.077089560000
0.048953040000
-0.042155200000
-0.118785600000
-0.128332600000
-0.116854200000
-0.091529350000
-0.081151550000
-0.013807760000
0.068369910000
0.146526700000
0.224858100000
0.269672100000
0.307793100000
0.228701700000
0.136597200000
0.118983300000
0.112172200000
0.086923730000
0.032735760000
-0.056135250000
-0.116869500000
-0.039069440000
0.038813290000
0.044076110000
0.042483540000
0.049673180000
0.012301070000
-0.053894170000
-0.134936500000
-0.152274700000
-0.073359630000
-0.035688210000
-0.031471750000
-0.034201470000
-0.045202360000
-0.087988460000
-0.109795200000
-0.147180400000
-0.178151800000
-0.194625900000
-0.172293100000
-0.049890140000
0.042791070000
0.095139450000
0.171008000000
0.217097700000
0.207973900000
0.170940700000
0.124549000000
0.065828700000
0.020251060000
-0.002259261000
-0.067554490000
-0.146666600000
-0.198533500000
-0.164620500000
-0.093678360000
-0.074799040000
-0.107656200000
-0.131205800000
-0.070339160000
-0.048612980000
-0.090724530000
-0.142484200000
-0.167855500000
-0.209551800000
-0.206553900000
-0.025043630000
0.088513220000
0.099463170000
0.109097400000
0.098744610000
0.078630490000
0.070667630000
0.075304840000
0.053953500000
-0.002226769000
-0.072286160000
-0.075157130000
-0.017979680000
-0.050065470000
-0.059581710000
-0.019700370000
-0.045565160000
0.000282175900
0.083765480000
0.147676000000
0.163641400000
0.136695500000
0.100314500000
0.038863020000
0.017276170000
0.001360518000
-0.012913950000
-0.014739310000
-0.000873996800
-0.011830380000
0.001210775000
-0.005078081000
-0.005825272000
0.031730580000
-0.002671499000
-0.020904540000
-0.022336130000
-0.021238120000
-0.062661850000
-0.110321900000
-0.171697800000
-0.154837700000
-0.066792870000
-0.004326529000
0.074734190000
0.103137600000
0.117181600000
0.113622200000
0.100256700000
0.083595540000
0.042183060000
0.021240960000
0.026464930000
0.091455810000
0.171341800000
0.201382300000
0.213506600000
0.159385900000
0.089890830000
0.051231350000
-0.033367900000
-0.105535400000
-0.132603600000
-0.141753400000
-0.126186700000
-0.133356700000
-0.099144310000
0.058063760000
0.171210900000
0.145371800000
0.076922220000
0.048218980000
0.045279910000
0.001871329000
-0.085124910000
-0.059213280000
0.021205110000
0.044160790000
0.010776760000
-0.033839500000
-0.005544125000
0.040619610000
0.084842280000
0.036871230000
-0.047128250000
-0.027479420000
0.036010020000
0.030158860000
-0.029932850000
-0.051420620000
-0.062936880000
-0.042575070000
-0.008012831000
-0.049338590000
-0.087438090000
-0.006671891000
0.040701540000
-0.043055200000
-0.103087700000
-0.112822100000
-0.122322900000
-0.084980100000
0.032998740000
0.091088300000
0.055236840000
0.039531430000
-0.000920220300
-0.078081670000
-0.104179800000
-0.091422210000
-0.051418310000
-0.004328467000
0.034170920000
0.085045980000
0.115057000000
0.096153780000
0.067012890000
0.027400670000
-0.034059940000
-0.041139270000
-0.022828760000
-0.046302560000
-0.094321620000
-0.133141400000
-0.143501000000
-0.111119600000
-0.061648100000
-0.046217080000
-0.037947480000
-0.026071170000
-0.026882640000
-0.016027350000
0.021320390000
0.061645510000
0.018237800000
-0.033744020000
-0.030060370000
-0.009303976000
0.004101279000
-0.041466810000
-0.074253280000
-0.074455860000
-0.004475303000
0.057623700000
0.018367360000
-0.053215860000
-0.065253530000
-0.020727090000
0.018905370000
0.034119030000
0.048535060000
0.081311070000
0.045312550000
-0.041664550000
-0.060100710000
-0.010522260000
0.036743840000
0.082171900000
0.111233000000
0.138509200000
0.172204100000
0.182014800000
0.145617400000
0.083999490000
0.024990720000
-0.033248960000
-0.049901220000
-0.065404960000
-0.096380070000
-0.107928300000
-0.045892640000
0.046354350000
0.086245760000
0.090629950000
0.100048800000
0.118295900000
0.097841990000
0.031408550000
-0.057981000000
-0.128592300000
-0.136691000000
-0.081607740000
-0.038568680000
-0.028983580000
-0.008456949000
0.049988170000
0.086288080000
0.039519160000
-0.032021470000
-0.090710120000
-0.114716700000
-0.105363200000
-0.085249730000
-0.043250130000
0.005828275000
0.034573990000
0.047262860000
0.054231560000
0.026779340000
-0.020799530000
-0.059707390000
-0.073892490000
-0.046388160000
-0.004141786000
0.018381860000
0.011061330000
0.004963773000
0.010566620000
0.025167910000
0.046237000000
0.059818280000
0.057013240000
0.067259080000
0.101410700000
0.109998000000
0.080507710000
0.037532980000
0.025855940000
0.041230310000
0.055820300000
0.081964850000
0.096381400000
0.066243340000
0.000294102200
-0.054163830000
-0.070537000000
-0.039119120000
0.025193770000
0.056092460000
0.031214490000
-0.013164860000
-0.056538510000
-0.085039550000
-0.086694190000
-0.063696450000
-0.006430809000
0.049432320000
0.072365770000
0.039410360000
0.000808212900
0.006762718000
0.028594540000
0.051317830000
0.054875310000
0.048482690000
0.039920520000
0.035305740000
0.019198610000
0.002800776000
-0.002442346000
-0.029842930000
-0.061403090000
-0.072306210000
-0.066944430000
-0.030449190000
0.020776880000
0.041756880000
0.005870861000
-0.039914270000
-0.043666230000
-0.034550890000
-0.043262110000
-0.072602830000
-0.085940780000
-0.049720000000
0.002655539000
0.032849130000
0.040565990000
0.042907440000
0.044374740000
0.020130900000
-0.025787950000
-0.073693760000
-0.103561900000
-0.109214300000
-0.106019100000
-0.107739400000
-0.094199380000
-0.061113170000
-0.034421340000
-0.018122300000
-0.010370870000
-0.013486530000
-0.037920180000
-0.060406660000
-0.047131970000
-0.016481570000
-0.001552441000
0.000057521000
-0.007671644000
-0.014733740000
-0.012904500000
-0.020519450000
-0.018442370000
0.003009613000
0.008262963000
-0.002298795000
-0.002112820000
0.005129507000
0.001441507000
-0.006563140000
-0.007525715000
-0.000205897000
0.008817314000
0.005186397000
-0.008414006000
-0.007230537000
0.006357143000
0.009340899000
0.006279105000
0.007358505000
0.025150600000
0.048125300000
0.067484100000
0.081356310000
0.080059070000
0.074043320000
0.072774630000
0.068255180000
0.046817000000
0.034726090000
0.038169770000
0.036091170000
0.030954600000
0.023698460000
0.013726050000
0.005118401000
0.013252000000
0.041657080000
0.066610460000
0.082644960000
0.085066540000
0.077494140000
0.054138260000
0.029921500000
0.025169380000
0.031168060000
0.027050370000
-0.002904942000
-0.024692100000
-0.033713970000
-0.042711360000
-0.041836180000
-0.023808690000
-0.007830385000
-0.003277105000
-0.013219060000
-0.033060100000
-0.043338660000
-0.051194730000
-0.058163400000
-0.062882990000
-0.051460040000
-0.031856710000
-0.030407350000
-0.036211210000
-0.037274120000
-0.034718090000
-0.030786060000
-0.025146580000
-0.002117108000
0.026369350000
0.034733250000
0.025368510000
0.012551070000
-0.007868432000
-0.025372790000
-0.024635460000
-0.020479100000
-0.029834690000
-0.050980470000
-0.060977650000
-0.056700950000
-0.047304880000
-0.037311100000
-0.020640400000
-0.004910152000
0.013539410000
0.037941690000
0.053575020000
0.057941430000
0.059147870000
0.049275070000
0.037740680000
0.038864490000
0.053685870000
0.070528880000
0.080058480000
0.069396190000
0.034649630000
0.014370740000
0.005659668000
-0.004572228000
-0.014894900000
-0.035322730000
-0.056834830000
-0.065583660000
-0.055903140000
-0.028821430000
-0.012710840000
-0.010472260000
-0.001593484000
0.017220090000
0.030201300000
0.029714420000
0.028438060000
0.021593520000
0.012212220000
0.009034568000
0.007558268000
0.014988600000
0.021821210000
0.022763320000
0.012578240000
-0.006046323000
-0.017415630000
-0.022342620000
-0.025154140000
-0.028082960000
-0.026537050000
-0.026238590000
-0.034411250000
-0.043123490000
-0.046821410000
-0.051364920000
-0.057229330000
-0.059468660000
-0.061844680000
-0.058482190000
-0.039846220000
-0.015060670000
-0.001441062000
0.001321658000
-0.002275324000
-0.000768231600
0.008394978000
0.012220520000
0.004242624000
-0.008988278000
-0.015888040000
-0.022904090000
-0.027967870000
-0.024256590000
-0.009179445000
0.006735112000
0.022910780000
0.037568690000
0.042022510000
0.037184140000
0.024376500000
0.019964480000
0.023098410000
0.033410070000
0.046122820000
0.047181040000
0.040615780000
0.031528060000
0.026686590000
0.023802510000
0.021846610000
0.021861350000
0.021224310000
0.023210710000
0.025323590000
0.018485960000
0.006478971000
-0.003441102000
-0.005707098000
0.002030043000
0.012102980000
0.020540860000
0.023528870000
0.015346860000
0.002247431000
-0.008983364000
-0.020468140000
-0.030428020000
-0.037854220000
-0.035942330000
-0.024124190000
-0.019859160000
-0.024247810000
-0.026303720000
-0.018390150000
-0.008053074000
-0.003058753000
-0.002824775000
0.002256242000
0.011900740000
0.014352190000
0.007770520000
0.004688469000
0.010205020000
0.013144020000
0.014365340000
0.018022430000
0.023959210000
0.028236440000
0.030050380000
0.020476020000
0.010177440000
0.003547818000
-0.001096892000
-0.008196743000
-0.014633600000
-0.009188471000
-0.006026106000
-0.003586923000
-0.003504961000
-0.001906261000
0.002097597000
0.005226295000
0.003910851000
-0.002012953000
-0.006080358000
-0.008253625000
-0.002615733000
0.003624978000
0.007195328000
0.009733439000
0.008104846000
-0.004326567000
-0.020387140000
-0.033654950000
-0.044475780000
-0.050421020000
-0.051277480000
-0.042224640000
-0.034007180000
-0.027083070000
-0.018511670000
-0.010318690000
-0.001545334000
0.007581966000
0.015476080000
0.020950760000
0.022950300000
0.024441880000
0.025820240000
0.021446820000
0.012057030000
0.006310689000
0.000668385100
-0.008076758000
-0.012785760000
-0.000517885500
0.022875130000
0.035761130000
0.042985100000
0.052812110000
0.060153400000
0.060338350000
0.061602470000
0.068217510000
0.073625880000
0.078046900000
0.068466370000
0.044730290000
0.024368370000
0.011493250000
0.010480730000
0.017621070000
0.025076580000
0.026488610000
0.014328510000
-0.002083969000
-0.011509450000
-0.017992230000
-0.023459080000
-0.029737860000
-0.036229820000
-0.039690330000
-0.042563320000
-0.044967110000
-0.046500840000
-0.042948860000
-0.037901550000
-0.039247600000
-0.039455330000
-0.034586510000
-0.021509760000
-0.008393231000
0.000180224600
0.006067000000
0.007889078000
0.008598337000
0.003162096000
-0.008157504000
-0.017014820000
-0.019005500000
-0.015920650000
-0.011251750000
-0.003067919000
-0.000960231200
-0.010028680000
-0.022158150000
-0.025831820000
-0.019091280000
-0.008637946000
0.000117090900
0.001535270000
-0.005402390000
-0.013018340000
-0.014805010000
-0.017991100000
-0.023240650000
-0.028070980000
-0.028769290000
-0.027429640000
-0.028285020000
-0.027994950000
-0.026622650000
-0.020164630000
-0.014813310000
-0.010824710000
-0.008580300000
-0.009129671000
-0.006935241000
0.002446110000
0.008674643000
0.003721940000
-0.003770562000
-0.003502902000
0.005303179000
0.009939505000
0.008777132000
0.002796281000
-0.005230688000
-0.009869215000
-0.011977120000
-0.009798982000
-0.001909860000
0.004911322000
0.008070707000
0.000091695070
-0.013636040000
-0.023583640000
-0.032081820000
-0.037720950000
-0.042733790000
-0.042358990000
-0.036493520000
-0.027998490000
-0.021549590000
-0.016397090000
-0.008057093000
0.001199884000
0.005599625000
0.006612970000
0.008738117000
0.013860020000
0.023300620000
0.031034750000
0.033000790000
0.028484730000
0.027091920000
0.026658920000
0.024810170000
0.013636580000
0.001197181000
-0.000220100900
0.007515080000
0.013922230000
0.011650190000
0.006712903000
0.003583057000
0.003561153000
0.003572914000
0.003756036000
0.002414262000
0.000848092100
0.001292344000
0.004162160000
0.004376920000
-0.003080759000
-0.010115130000
-0.010744930000
-0.006838772000
-0.004050536000
0.001174482000
0.011908520000
0.017725150000
0.019348560000
0.021077020000
0.023620490000
0.023210020000
0.021972350000
0.023062310000
0.022841580000
0.023374640000
0.021842190000
0.015055730000
0.008656876000
0.005056902000
0.006309073000
0.007785647000
0.007623084000
0.007798145000
0.008354692000
0.011865150000
0.016536390000
0.021647250000
0.027251790000
0.029428110000
0.029005480000
0.028518580000
0.025167550000
0.020283440000
0.012415840000
0.006739207000
0.008634038000
0.013074790000
0.015440870000
0.013401560000
0.009327373000
0.003298860000
-0.002074806000
-0.004598591000
-0.002346731000
-0.000244806900
-0.000701039100
-0.003778667000
-0.008223092000
-0.010446970000
-0.013289990000
-0.014476520000
-0.017535770000
-0.020447120000
-0.020834970000
-0.021714470000
-0.022872430000
-0.025685840000
-0.027131420000
-0.024130820000
-0.014746030000
-0.004240270000
-0.000220679100
-0.002468984000
-0.006668545000
-0.008320142000
-0.005580634000
-0.000028982600
0.004127313000
0.005118552000
0.004164656000
-0.001139536000
-0.010893990000
-0.018930750000
-0.020613930000
-0.018843380000
-0.016238480000
-0.011872030000
-0.002505526000
0.006898713000
0.011670120000
0.011421090000
0.007558201000
0.004061498000
0.003159679000
0.006221584000
0.010791050000
0.015419690000
0.017727830000
0.018521270000
0.017295120000
0.012187870000
0.002872100000
-0.008705001000
-0.015142310000
-0.015885990000
-0.013542120000
-0.008944044000
-0.003981823000
-0.000201779400
0.003416089000
0.006919722000
0.007597958000
0.007661139000
0.002803844000
-0.004644247000
-0.010550090000
-0.014041600000
-0.013372510000
-0.011836420000
-0.006705858000
0.000091396780
0.005742175000
0.010299520000
0.010599390000
0.012316030000
0.018890950000
0.026973430000
0.029955920000
0.028967540000
0.028617700000
0.030257870000
0.033086350000
0.033300580000
0.031188180000
0.027206140000
0.025469110000
0.021519720000
0.019122760000
0.018690330000
0.016000650000
0.015081690000
0.015261270000
0.017000440000
0.013939480000
0.006464998000
0.001036637000
-0.004440680000
-0.010640160000
-0.016589720000
-0.021872210000
-0.026022490000
-0.029394500000
-0.030700000000
-0.028846540000
-0.026322940000
-0.026372810000
-0.026232940000
-0.023505340000
-0.019163060000
-0.014724910000
-0.010655990000
-0.009728667000
-0.010522080000
-0.011595990000
-0.011751890000
-0.009027311000
-0.004392266000
-0.000222338400
0.001136474000
-0.001946810000
-0.006228591000
-0.011152960000
-0.016082440000
-0.019866440000
-0.022328540000
-0.023529890000
-0.022883010000
-0.024339370000
-0.027301230000
-0.024648000000
-0.022593490000
-0.021065310000
-0.020719310000
-0.018034440000
-0.015334260000
-0.015898080000
-0.016744450000
-0.016319880000
-0.015479140000
-0.017742280000
-0.018776300000
-0.018772970000
-0.018635010000
-0.018517440000
-0.019245450000
-0.018769860000
-0.018788960000
-0.016165240000
-0.012547010000
-0.008519761000
-0.005849107000
-0.005204170000
-0.007414209000
-0.008296205000
-0.002420697000
0.005924234000
0.013234890000
0.018108770000
0.019906330000
0.016699770000
0.008614564000
-0.001937004000
-0.005665788000
-0.004953488000
-0.000605906300
0.005046258000
0.007481348000
0.008786282000
0.007577937000
0.003524816000
-0.002139901000
-0.005738094000
-0.004129185000
0.001252708000
0.003318582000
0.005032562000
0.009777985000
0.017589530000
0.026761750000
0.032321150000
0.034213640000
0.034706710000
0.034190980000
0.035765250000
0.039405010000
0.042778560000
0.035404380000
0.023697230000
0.018741470000
0.015357530000
0.015490560000
0.017267830000
0.021358450000
0.022549230000
0.014773190000
0.000426307300
-0.010506630000
-0.016025400000
-0.020515000000
-0.019987210000
-0.013333300000
-0.005570637000
-0.003311900000
-0.002951378000
-0.002158374000
-0.004921087000
-0.009027139000
-0.009276566000
-0.005622451000
-0.002290654000
0.000948324800
0.000745826400
0.000459690800
-0.003191422000
-0.009819913000
-0.011395320000
-0.010474790000
-0.008249672000
-0.006414192000
-0.001121930000
0.006715232000
0.010340810000
0.009249926000
0.012603180000
0.017603730000
0.018100980000
0.016862200000
0.011306780000
0.002549579000
-0.002265318000
-0.001414113000
0.001959553000
0.005152683000
0.007069794000
0.005731067000
0.001016141000
-0.004064961000
-0.005632163000
-0.005062462000
-0.002645540000
0.003832003000
0.006319309000
0.002985477000
-0.001919154000
-0.006483102000
-0.007779990000
-0.009459377000
-0.010769520000
-0.009382783000
-0.004302623000
-0.000518882600
-0.000276580500
-0.002896397000
-0.004789972000
-0.005558485000
-0.009188098000
-0.011382570000
-0.012881400000
-0.012330030000
-0.011655230000
-0.010073660000
-0.008250343000
-0.005374386000
-0.003493948000
-0.003554569000
-0.004952409000
-0.004620327000
0.000473115100
0.004435378000
0.005481463000
0.006878428000
0.006501614000
0.003691082000
0.000448070300
-0.002582781000
-0.001583611000
-0.001116880000
-0.002466768000
-0.002953737000
-0.003131643000
0.000078890000
0.005772104000
0.009677260000
0.009381035000
0.005664750000
0.000845847100
-0.004985916000
-0.009035738000
-0.010957840000
-0.010714480000
-0.008137363000
-0.003427424000
0.002445315000
0.005948595000
0.005857394000
0.004468755000
0.002148856000
0.001969936000
0.007149076000
0.011739670000
0.014593220000
0.012953660000
0.005593941000
-0.004650338000
-0.014344840000
-0.021956490000
-0.026631580000
-0.026970630000
-0.023571390000
-0.016297170000
-0.008699614000
-0.002927854000
0.002982625000
0.007383504000
0.008816183000
0.012698900000
0.014769080000
0.015246010000
0.014101150000
0.013538710000
0.016553400000
0.020181120000
0.025014470000
0.028816610000
0.029952460000
0.026254530000
0.020793030000
0.017435780000
0.015628930000
0.013871040000
0.010508690000
0.007323816000
0.004625482000
0.003972248000
0.005132573000
0.007232316000
0.007113559000
0.005195521000
0.003206081000
-0.000873339300
-0.004721221000
-0.007945884000
-0.010691150000
-0.014753230000
-0.016022560000
-0.013611730000
-0.011994450000
-0.010276210000
-0.010248100000
-0.012074360000
-0.012406310000
-0.010371870000
-0.007299069000
-0.004352749000
-0.004243051000
-0.005003415000
-0.004905961000
-0.005592887000
-0.005016037000
-0.004495287000
-0.004101020000
-0.007098254000
-0.007487351000
-0.004734849000
-0.004544590000
-0.003029353000
-0.000426797000
0.003131496000
0.004570228000
0.005357177000
0.005083324000
0.004947169000
0.004060291000
0.002342112000
0.002533369000
0.001554685000
-0.001964822000
-0.006723631000
-0.008725382000
-0.008914596000
-0.008912053000
-0.008961531000
-0.009445534000
-0.010532360000
-0.011138760000
-0.012208250000
-0.013665340000
-0.013170160000
-0.011381620000
-0.009373779000
-0.005739042000
-0.003497629000
-0.003484918000
-0.004308610000
-0.005130265000
-0.002424763000
-0.000981003800
-0.000319588200
-0.000905635200
-0.002705486000
-0.004627739000
-0.005912496000
-0.004529955000
-0.003292258000
-0.001866884000
-0.000892354000
0.000945093100
0.002731537000
0.003644857000
0.006581854000
0.010117580000
0.011562320000
0.012959110000
0.013503170000
0.013655540000
0.017712480000
0.018430950000
0.014801170000
0.010928610000
0.010086470000
0.012822490000
0.013245140000
0.014117610000
0.015134910000
0.015252570000
0.015215190000
0.013566210000
0.012958640000
0.011723760000
0.009992145000
0.008591003000
0.008872857000
0.012192270000
0.015605510000
0.017295980000
0.015389910000
0.011860010000
0.008676892000
0.004504376000
-0.001506184000
-0.006369249000
-0.009302478000
-0.009367470000
-0.010580990000
-0.011976070000
-0.011188350000
-0.010328220000
-0.012126230000
-0.015344070000
-0.017045170000
-0.016403340000
-0.014657870000
-0.012894050000
-0.010839530000
-0.008795224000
-0.006172577000
-0.003508114000
-0.003792477000
-0.006157645000
-0.009982437000
-0.013051410000
-0.012248470000
-0.011438400000
-0.012030830000
-0.014720390000
-0.016304270000
-0.018469560000
-0.016402870000
-0.012091170000
-0.009123835000
-0.006091223000
-0.005000696000
-0.005282074000
-0.005551218000
-0.003803826000
-0.000950760500
0.002001240000
0.003736376000
0.006395626000
0.008187872000
0.007033330000
0.002948324000
-0.000767447700
-0.002102544000
-0.000444967100
0.002995565000
0.005557870000
0.005325372000
0.003598568000
0.000296877300
0.000853841400
0.000546859900
0.000634612700
0.002083040000
0.003411101000
0.005629617000
0.003543727000
0.000810131200
-0.000687230400
-0.000662757600
-0.003165851000
-0.002782350000
-0.001005535000
-0.000432325600
-0.001140242000
-0.002670285000
-0.003145653000
-0.001770747000
-0.000757948400
0.000173245300
0.002195833000
0.002658834000
0.003394170000
0.002273099000
-0.001393898000
-0.006479720000
-0.012186730000
-0.015583440000
-0.018227400000
-0.017548210000
-0.011376320000
-0.003478605000
0.002808529000
0.006225377000
0.009259719000
0.008035555000
0.005876044000
0.003742027000
0.002086383000
0.004214934000
0.006698439000
0.010617080000
0.013814570000
0.013204400000
0.010208440000
0.008446664000
0.007409090000
0.008284011000
0.008543864000
0.008259031000
0.009655150000
0.012875020000
0.016489630000
0.017584840000
0.016477850000
0.014153990000
0.011245680000
0.008235354000
0.007201783000
0.007176984000
0.007133821000
0.007628190000
0.009006894000
0.010117330000
0.009749780000
0.009686182000
0.008134398000
0.007288448000
0.007018793000
0.006939869000
0.006035760000
0.004817484000
0.003974561000
0.002521672000
0.000219116200
-0.000549366200
-0.000652815200
-0.000015750700
0.000785527100
0.000259778400
0.000399063100
-0.003199958000
-0.006999927000
-0.010793780000
-0.011041110000
-0.008958752000
-0.007547567000
-0.006233288000
-0.009120397000
-0.011937130000
-0.016488890000
-0.019182220000
-0.019277610000
-0.018810990000
-0.016071820000
-0.014758610000
-0.012889520000
-0.010311530000
-0.008703558000
-0.008680678000
-0.007161465000
-0.004584518000
-0.002036137000
0.000638715900
0.002399643000
0.004613444000
0.005659338000
0.006353325000
0.008818028000
0.009169282000
0.007179630000
0.004904372000
0.003780687000
0.003271036000
0.002732819000
0.004272335000
0.005043785000
0.007035148000
0.008399205000
0.006428876000
0.004004640000
0.001839478000
0.001305290000
0.001554455000
-0.001286985000
-0.003445033000
-0.005010466000
-0.005022446000
-0.004624391000
-0.003007443000
0.000262918000
0.001003674000
0.001309903000
-0.000803313600
-0.003571376000
-0.005364326000
-0.007035900000
-0.009216462000
-0.009196889000
-0.008635700000
-0.009177141000
-0.008027426000
-0.004737756000
-0.001817333000
0.000901124500
0.003607335000
0.005197661000
0.006860401000
0.007484775000
0.005972244000
0.003475406000
0.001639523000
-0.000207585800
-0.001870080000
-0.003293900000
-0.002340107000
-0.000655997500
0.000204965600
0.001352543000
0.003979115000
0.003216222000
0.000693823500
-0.000804500400
-0.004087830000
-0.007445624000
-0.009348904000
-0.010199550000
-0.010666680000
-0.008325755000
-0.007172116000
-0.007522982000
-0.006839572000
-0.005415649000
-0.001538629000
0.001190885000
0.003311454000
0.004076438000
0.003269597000
0.003418492000
0.002543303000
0.003137928000
0.001603809000
-0.000575975200
-0.001246164000
0.000861103200
0.000533625700
-0.000828136100
-0.000696622400
-0.000251973100
0.000669011900
0.002104072000
0.003473849000
0.001685701000
0.000356550000
-0.001215366000
-0.001637745000
-0.002657849000
-0.002056156000
-0.000148868100
-0.000235683400
0.001291137000
0.003560515000
0.005417809000
0.007323038000
0.007341265000
0.007145288000
0.004882788000
0.002308164000
0.000645417400
0.001621407000
0.005202473000
0.007419797000
0.009536138000
0.009636956000
0.009711251000
0.009642742000
0.008214571000
0.006572196000
0.003622179000
0.001615661000
0.000594458800
0.001142015000
0.003895828000
0.004109839000
0.002493968000
0.001229994000
0.000840158400
0.000901160700
0.000378720900
0.000077619210
0.001396276000
0.002268171000
0.002494403000
0.001458895000
0.000271404300
-0.000407107400
0.000033319450
-0.000303495000
-0.002005071000
-0.004548147000
-0.005727485000
-0.005236064000
-0.003636924000
-0.001401305000
-0.000593687400
0.001730670000
0.002157827000
0.002856303000
0.002591899000
0.000055955500
-0.002217849000
-0.004711974000
-0.005308899000
-0.005471303000
-0.007159628000
-0.005843032000
-0.003581918000
-0.002932402000
-0.002851025000
-0.002676828000
-0.002718871000
-0.003550393000
-0.005147933000
-0.006455794000
-0.006115333000
-0.004502931000
-0.002643688000
-0.002171643000
-0.002522737000
-0.002548450000
-0.002746541000
-0.003541330000
-0.002231857000
-0.001752664000
-0.002282247000
-0.000894228500
0.000632512300
0.002669255000
0.003807380000
0.003906129000
0.003133800000
0.000728452600
0.001009788000
0.001667508000
0.003311571000
0.003831624000
0.003073929000
0.001607275000
0.000526571700
0.001427212000
0.001363743000
0.003024714000
0.002759511000
0.002539117000
0.003726233000
0.006070870000
0.005529128000
0.003808697000
0.003347619000
0.000941852100
-0.000369864700
-0.001958310000
-0.001719357000
-0.002747859000
-0.003618540000
-0.003556525000
-0.004170170000
-0.005013366000
-0.008045209000
-0.010013090000
-0.011635170000
-0.013921770000
-0.015397640000
-0.014471660000
-0.011634500000
-0.008740206000
-0.005329017000
-0.002767186000
-0.001813566000
-0.001208995000
-0.001495510000
-0.002010369000
-0.001539018000
-0.001665889000
-0.002604395000
-0.002343750000
-0.001576229000
-0.000012328590
0.002763958000
0.005115386000
0.007415631000
0.008121645000
0.007547005000
0.006291383000
0.004131786000
0.002153120000
0.001584439000
0.002000123000
0.002972697000
0.003817560000
0.005387121000
0.006710987000
0.006548389000
0.006077925000
0.005836414000
0.006007612000
0.004895487000
0.003877083000
0.003592907000
0.003476617000
0.002989381000
0.001884385000
0.001126895000
0.000180749800
-0.000769410100
0.000035340710
0.000701686400
0.000284561200
0.000022927160
-0.000103710100
-0.000239551600
0.000136984500
0.000341243400
-0.000102744200
0.000288977000
0.000469929200
0.000139810300
-0.000616855800
-0.001270215000
-0.000740492500
-0.000032762840
0.000399272300
0.000848048500
0.001319155000
0.000788529800
0.000228091000
-0.000388932800
-0.001015947000
-0.001666870000
-0.001904350000
-0.001457730000
-0.000906767100
-0.000347399100
-0.000300528500
-0.000041076150
-0.000164755800
-0.000196830500
-0.000242773600
-0.000089770890
0.000221454300
0.000208789100
0.000057212240
0.000020771310
-0.000051726170
-0.000591212500
-0.001081250000
-0.001375375000
-0.001184325000
-0.001165589000
-0.001326272000
-0.001005403000
-0.000699929800
-0.000613223400
-0.000545600300
-0.000488660100
-0.000182069600
0.000234185800
0.000540355300
0.000648212400
0.000469194700
0.000388333400
0.000442397300
0.000356509500
0.000260814600
0.000316321800
0.000394687500
0.000254358400
0.000144323000
0.000136198600
0.000036184360
-0.000081600020
-0.000175243300
-0.000135431100
-0.000081438530
-0.000089233680
-0.000090341270
-0.000089447540
-0.000103916400
-0.000196787700
-0.000263110500
-0.000240722600
-0.000148558100
-0.000102821400
-0.000074535270
-0.000054712050
-0.000052382210
-0.000045392660
-0.000037839650
-0.000028135160
-0.000019006240
0.000003416994
0.000049873650
0.000109425200
0.000154125400
0.000175866800
0.000183348100
0.000173265700
0.000156467500
0.000153231100
0.000144851300
0.000153171100
0.000149908500
0.000150841400
0.000146489000
0.000141041000
0.000139702500
0.000134489200
0.000130946000
0.000119697200
0.000110626600
0.000102993100
0.000097718930
0.000093471390
0.000089646820
0.000085825540
0.000080558770
0.000073925790
0.000067106020
0.000060872830
0.000054646210
0.000048462560
0.000042049460
0.000035601940
0.000029147310
0.000022515350
0.000015978160
0.000009411601
0.000002754852
-0.000004062693
-0.000011048900
-0.000018219020
-0.000025586690
-0.000033155810
-0.000040934030
-0.000048929110
0.000000000000
0.000000000000
0.000000000000
0.000000000000
0.000000000000
0.000000000000
0.000000000000
0.000000000000
0.000000000000
0.000000000000
0.000000000000
0.000000000000
0.000000000000
0.000000000000
0.000000000000
0.000000000000
0.000000000000
0.000000000000
0.000000000000
0.000000000000
0.000000000000
0.000000000000
0.000000000000
0.000000000000
0.000000000000
0.000000000000
0.000000000000
0.000000000000
0.000000000000
0.000000000000
0.000000000000
0.000000000000
0.000000000000
0.000000000000
0.000000000000
0.000000000000
0.000000000000
0.000000000000
0.000000000000
0.000000000000
0.000000000000
0.000000000000
0.000000000000
0.000000000000
0.000000000000
0.000000000000
0.000000000000
0.000000000000
0.000000000000
0.000000000000
0.000000000000
0.000000000000
0.000000000000
0.000000000000
0.000000000000
0.000000000000
0.000000000000
0.000000000000
0.000000000000
0.000000000000
0.000000000000
0.000000000000
0.000000000000
0.000000000000
0.000000000000
0.000000000000
0.000000000000
0.000000000000
0.000000000000
0.000000000000
0.000000000000
0.000000000000
0.000000000000
0.000000000000
0.000000000000
0.000000000000
0.000000000000
0.000000000000
0.000000000000
0.000000000000
0.000000000000
0.000000000000
0.000000000000
0.000000000000
0.000000000000
0.000000000000
0.000000000000
0.000000000000
0.000000000000
0.000000000000
0.000000000000
0.000000000000
0.000000000000
0.000000000000
0.000000000000
0.000000000000
0.000000000000
0.000000000000
0.000000000000
0.000000000000
0.000000000000
0.000000000000
0.000000000000
0.000000000000
0.000000000000
0.000000000000
0.000000000000
0.000000000000
0.000000000000
0.000000000000
0.000000000000
0.000000000000
0.000000000000
0.000000000000
0.000000000000
0.000000000000
0.000000000000
0.000000000000
0.000000000000
0.000000000000
0.000000000000
0.000000000000
0.000000000000
0.000000000000
0.000000000000
0.000000000000
0.000000000000
0.000000000000
0.000000000000
0.000000000000
0.000000000000
0.000000000000
0.000000000000
0.000000000000
0.000000000000
0.000000000000
0.000000000000
0.000000000000
0.000000000000
0.000000000000
0.000000000000
0.000000000000
0.000000000000
0.000000000000
0.000000000000
0.000000000000
0.000000000000
0.000000000000
0.000000000000
0.000000000000
0.000000000000
0.000000000000
0.000000000000
0.000000000000
0.000000000000
0.000000000000
0.000000000000
0.000000000000
0.000000000000
0.000000000000
0.000000000000
0.000000000000
0.000000000000
0.000000000000
0.000000000000
0.000000000000
0.000000000000
0.000000000000
0.000000000000
0.000000000000
0.000000000000
0.000000000000
0.000000000000
0.000000000000
0.000000000000
0.000000000000
0.000000000000
0.000000000000
0.000000000000
0.000000000000
0.000000000000
0.000000000000
0.000000000000
0.000000000000
0.000000000000
0.000000000000
0.000000000000
0.000000000000
0.000000000000
0.000000000000
0.000000000000
0.000000000000
0.000000000000
0.000000000000
0.000000000000
0.000000000000
0.000000000000
0.000000000000
0.000000000000
0.000000000000
0.000000000000
0.000000000000
0.000000000000
0.000000000000
0.000000000000
0.000000000000
0.000000000000
0.000000000000
0.000000000000
0.000000000000
0.000000000000
0.000000000000
0.000000000000
0.000000000000
0.000000000000
0.000000000000
0.000000000000
0.000000000000
0.000000000000
0.000000000000
0.000000000000
0.000000000000
0.000000000000
0.000000000000
0.000000000000
0.000000000000
0.000000000000
0.000000000000
0.000000000000
0.000000000000
0.000000000000
0.000000000000
0.000000000000
0.000000000000
0.000000000000
0.000000000000
0.000000000000
0.000000000000
0.000000000000
0.000000000000
0.000000000000
0.000000000000
0.000000000000
0.000000000000
0.000000000000
0.000000000000
0.000000000000
0.000000000000
0.000000000000
0.000000000000
