0.001440599000
0.001434604000
0.001429191000
0.001423006000
0.001413219000
0.001409851000
0.001417239000
0.001429148000
0.001432619000
0.001432680000
0.001424780000
0.001392693000
0.001374983000
0.001376941000
0.001388684000
0.001445459000
0.001486041000
0.001439964000
0.001357562000
0.001342921000
0.001384567000
0.001493241000
0.001557602000
0.001547721000
0.001441668000
0.001361867000
0.001516671000
0.001649621000
0.001645658000
0.001642557000
0.001637113000
0.001450100000
0.001381052000
0.001662329000
0.001974379000
0.002211411000
0.002282006000
0.002297553000
0.002086443000
0.001457272000
0.001455039000
0.001919120000
0.001930805000
0.001459086000
0.001035236000
0.000911866500
0.001259139000
0.001404936000
0.001212336000
0.000681224500
0.000399773800
0.000467677900
0.001036417000
0.002704428000
0.004631519000
0.004509269000
0.003032773000
0.001810090000
0.001280062000
0.001461661000
0.002224738000
0.002955192000
0.003549661000
0.002635214000
0.000415050200
-0.001125250000
-0.001147848000
-0.000243111900
-0.000052835840
-0.001651897000
-0.004187292000
-0.005612690000
-0.004700872000
-0.001665641000
0.002660330000
0.005809791000
0.007379501000
0.007373675000
0.004491369000
0.001334432000
0.000976068500
0.002186227000
0.001930850000
0.000276501500
0.001549232000
0.005461982000
0.008233877000
0.008863429000
0.006337826000
0.001162895000
-0.004832840000
-0.008591611000
-0.007859071000
-0.003090005000
0.002520680000
0.005433304000
0.004608609000
0.000978388300
-0.001843498000
-0.000649057000
0.002870064000
0.003999044000
0.002390787000
-0.001320679000
-0.005174402000
-0.005111756000
0.000277689200
0.005336441000
0.005783072000
0.003801254000
0.003402244000
0.005058259000
0.007873756000
0.010274550000
0.010876130000
0.010731630000
0.012685430000
0.015067050000
0.012427430000
0.007555659000
0.002575873000
-0.001974011000
-0.005428559000
-0.002191019000
0.011212340000
0.020803200000
0.019092180000
0.011626880000
0.006869310000
0.008707751000
0.012708250000
0.013055800000
0.009693309000
0.004553936000
0.003464975000
0.008724905000
0.011849810000
0.005043877000
-0.007954073000
-0.015944490000
-0.013430200000
-0.007305530000
-0.004421947000
-0.000978395000
0.005074338000
0.013138730000
0.022272720000
0.026986880000
0.025466760000
0.022563190000
0.020481690000
0.015713830000
0.008772427000
0.005515005000
0.007830084000
0.011287650000
0.012926230000
0.012187070000
0.013188830000
0.014670070000
0.010888650000
0.005123625000
-0.000097498250
-0.007299275000
-0.014089040000
-0.015832880000
-0.012625080000
-0.007116029000
-0.000320119100
0.008061237000
0.018133870000
0.028591220000
0.036252540000
0.041876810000
0.043003980000
0.038663270000
0.032180290000
0.024757160000
0.019049780000
0.021919160000
0.030598550000
0.033820190000
0.021955010000
-0.000577875900
-0.016334540000
-0.021025770000
-0.020576310000
-0.019272080000
-0.012812920000
0.001217291000
0.017231130000
0.026501640000
0.024815300000
0.021281260000
0.027053360000
0.038992250000
0.048275290000
0.047052780000
0.034393800000
0.011067120000
-0.018792410000
-0.035829750000
-0.036001580000
-0.032899160000
-0.039571980000
-0.050029550000
-0.047038890000
-0.021642070000
0.011565880000
0.032796400000
0.043172680000
0.046204710000
0.039304000000
0.031914340000
0.035358020000
0.043018550000
0.037272380000
0.016043720000
-0.003220026000
-0.011735450000
-0.016954080000
-0.020659620000
-0.013678860000
0.002739560000
0.012617820000
0.012292640000
0.012724700000
0.021031720000
0.031221120000
0.037527300000
0.038297120000
0.030119860000
0.013128770000
-0.008238867000
-0.022803570000
-0.030830610000
-0.040726280000
-0.049353630000
-0.048138630000
-0.041059050000
-0.033063560000
-0.020213270000
-0.002161030000
0.009847935000
0.001097227000
-0.021989060000
-0.037326160000
-0.041256680000
-0.038631640000
-0.031469700000
-0.018098000000
0.001488655000
0.017048840000
0.019777680000
0.009504390000
-0.005989003000
-0.014937090000
-0.015463200000
-0.013480090000
-0.013806060000
-0.017049540000
-0.018783390000
-0.015685490000
-0.003783585000
0.011573590000
0.020930970000
0.027390630000
0.027042660000
0.007464045000
-0.031507250000
-0.062406420000
-0.068831350000
-0.067034440000
-0.074940110000
-0.095195500000
-0.118943800000
-0.134380500000
-0.140223900000
-0.143297300000
-0.146269600000
-0.142897400000
-0.131026100000
-0.117350000000
-0.110721600000
-0.111564800000
-0.113772800000
-0.113668000000
-0.111891600000
-0.110448800000
-0.108428600000
-0.104577600000
-0.100242900000
-0.097260690000
-0.095139890000
-0.092256370000
-0.080124440000
-0.050072980000
-0.000460548800
0.047773100000
0.068978660000
0.067370780000
0.054671520000
0.034220430000
0.012820350000
-0.000175060500
-0.004470305000
-0.003613148000
-0.000122180200
0.007443726000
0.018919220000
0.029246920000
0.034599580000
0.032496160000
0.008556254000
-0.057445640000
-0.136305200000
-0.184512900000
-0.196527300000
-0.193067400000
-0.190858000000
-0.190201200000
-0.188816700000
-0.188566500000
-0.190985800000
-0.193428500000
-0.193649400000
-0.188786900000
-0.175865900000
-0.143859900000
-0.099038500000
-0.065869750000
-0.051636090000
-0.047509930000
-0.047313870000
-0.049854720000
-0.053694440000
-0.055024520000
-0.054541140000
-0.052553370000
-0.042791540000
-0.019244670000
0.019859410000
0.065912870000
0.113404000000
0.164604200000
0.210123800000
0.230448000000
0.210885100000
0.125235200000
-0.005549533000
-0.074736080000
-0.080417440000
-0.071366100000
-0.053833090000
-0.001732534000
0.082915840000
0.141488500000
0.155714000000
0.151607900000
0.147489000000
0.146260500000
0.145326500000
0.144944900000
0.146204900000
0.155547000000
0.175200300000
0.197639500000
0.217262700000
0.226832000000
0.233421600000
0.237760300000
0.230910300000
0.188347300000
0.086515020000
-0.009025141000
-0.034912930000
-0.017142440000
0.021388190000
0.079115560000
0.130657300000
0.153951400000
0.155628200000
0.143851300000
0.115679500000
0.076300680000
0.035118070000
-0.011226350000
-0.066686480000
-0.117205600000
-0.142434100000
-0.138476900000
-0.108784800000
-0.050420100000
0.042454720000
0.153269600000
0.239847200000
0.274955600000
0.281286600000
0.276978000000
0.264640400000
0.239927500000
0.202414500000
0.172253100000
0.148200600000
0.110338300000
0.054828470000
0.005703023000
-0.013796950000
0.001271226000
0.047295830000
0.106114900000
0.163648300000
0.218837600000
0.256687800000
0.268286700000
0.262247100000
0.246598200000
0.218338800000
0.173636700000
0.112512700000
0.049129050000
-0.003689576000
-0.040401430000
-0.064503030000
-0.077576500000
-0.083747150000
-0.083850420000
-0.071444430000
-0.042243930000
-0.012978430000
-0.002208558000
-0.004698888000
-0.013055920000
-0.030804900000
-0.061517790000
-0.084276060000
-0.096829840000
-0.103167700000
-0.101728400000
-0.097327450000
-0.092375910000
-0.089093650000
-0.095898790000
-0.126418700000
-0.170877600000
-0.200728400000
-0.206802800000
-0.200907400000
-0.192369700000
-0.183931800000
-0.176566300000
-0.172261600000
-0.171688600000
-0.174322800000
-0.179787700000
-0.185116700000
-0.187749200000
-0.190143300000
-0.188642200000
-0.170094100000
-0.118215800000
-0.043571250000
0.006552291000
0.017165330000
0.014048980000
0.012872370000
0.014108410000
0.018382100000
0.025034470000
0.029088230000
0.030784090000
0.026833170000
0.010813200000
-0.020455650000
-0.059742800000
-0.093977540000
-0.109855000000
-0.106854800000
-0.085544710000
-0.038437740000
0.018733910000
0.074841990000
0.127289400000
0.168044400000
0.181491500000
0.171368900000
0.151515600000
0.133057700000
0.119152400000
0.110093400000
0.107641700000
0.113462100000
0.120759900000
0.120556800000
0.100830200000
0.043456250000
-0.030578250000
-0.096125770000
-0.129167000000
-0.129508000000
-0.123715700000
-0.114632400000
-0.097745900000
-0.083693730000
-0.080818880000
-0.083370620000
-0.082245870000
-0.070534990000
-0.059901280000
-0.064909780000
-0.085303870000
-0.107678300000
-0.123375200000
-0.134541000000
-0.147983500000
-0.160536800000
-0.167193500000
-0.169907400000
-0.170105400000
-0.167292100000
-0.155707200000
-0.133954500000
-0.106351500000
-0.077997190000
-0.052557070000
-0.035637860000
-0.030707220000
-0.035260150000
-0.042730910000
-0.044478000000
-0.031453750000
-0.011762840000
-0.000183478600
0.001822853000
0.004718224000
0.014374280000
0.024631520000
0.032751520000
0.048267700000
0.077925470000
0.118816500000
0.162102100000
0.202875300000
0.232357200000
0.243157900000
0.234067300000
0.199521300000
0.136793500000
0.077718750000
0.038667570000
0.011833890000
-0.002694037000
-0.006812959000
-0.011003480000
-0.026047320000
-0.043053580000
-0.041226490000
-0.002006067000
0.055549920000
0.077149040000
0.067276090000
0.052034240000
0.036326150000
0.018435440000
-0.002693234000
-0.017742190000
-0.014451400000
0.006764359000
0.028475460000
0.034261540000
0.024041070000
0.000125414300
-0.031840420000
-0.057500050000
-0.068346210000
-0.060811300000
-0.022583070000
0.028728580000
0.072895750000
0.093819740000
0.084709360000
0.064791390000
0.059681370000
0.076247950000
0.106520800000
0.135391200000
0.155974900000
0.165350100000
0.161024500000
0.147153000000
0.129069600000
0.117387600000
0.117723300000
0.122960000000
0.124781800000
0.118364400000
0.092065190000
0.053433650000
0.015953240000
-0.019380680000
-0.052106520000
-0.074108500000
-0.077392120000
-0.066486750000
-0.056557890000
-0.052239680000
-0.044054830000
-0.022572820000
-0.003598493000
-0.004049646000
-0.019041650000
-0.027504820000
-0.013163460000
0.021379310000
0.047193960000
0.043656580000
0.009550747000
-0.042649400000
-0.093206810000
-0.136772200000
-0.167756100000
-0.187970200000
-0.199477800000
-0.204670500000
-0.210987600000
-0.219138200000
-0.224697100000
-0.222046200000
-0.199180500000
-0.144463800000
-0.088749230000
-0.069531090000
-0.073704970000
-0.077257610000
-0.071515440000
-0.041656950000
0.005192647000
0.023314350000
0.017370410000
0.012288220000
0.014404060000
0.020483150000
0.029312060000
0.043822670000
0.067700820000
0.093959220000
0.113771400000
0.134029900000
0.143478800000
0.117836900000
0.064713280000
0.031451220000
0.036479650000
0.063902110000
0.100952700000
0.140516100000
0.169229000000
0.195066200000
0.225852100000
0.244366200000
0.240021300000
0.220012800000
0.205835300000
0.206629800000
0.212288100000
0.212344500000
0.199419600000
0.163169800000
0.108748700000
0.053815740000
0.001456774000
-0.041947680000
-0.060264010000
-0.055993490000
-0.039728550000
-0.022748640000
-0.007872079000
0.017421140000
0.061659230000
0.104374200000
0.126256700000
0.138438100000
0.145192600000
0.136064800000
0.097225850000
0.037302270000
-0.020136860000
-0.073874250000
-0.121186900000
-0.153643200000
-0.173719700000
-0.189880900000
-0.201581900000
-0.203814600000
-0.198053800000
-0.191505400000
-0.184363900000
-0.164238600000
-0.117095100000
-0.070265130000
-0.057388170000
-0.067664850000
-0.090341630000
-0.127612800000
-0.164876300000
-0.183178200000
-0.181986800000
-0.167363200000
-0.129673900000
-0.072817540000
-0.016693010000
0.019651060000
0.028617240000
0.022166110000
0.014346490000
0.013580710000
0.021568460000
0.037407960000
0.067673890000
0.113201300000
0.160913000000
0.197669500000
0.219015100000
0.227860100000
0.194763000000
0.089160560000
-0.037953140000
-0.144168100000
-0.186387300000
-0.167278500000
-0.123122000000
-0.095290670000
-0.103326900000
-0.135126600000
-0.169459700000
-0.193495700000
-0.205817300000
-0.209902900000
-0.207652000000
-0.201454100000
-0.198197400000
-0.204555300000
-0.217477800000
-0.227422000000
-0.231165800000
-0.210990700000
-0.173641000000
-0.141971900000
-0.113200400000
-0.089291700000
-0.081753210000
-0.080634790000
-0.067765300000
-0.044996450000
-0.029609210000
-0.028147880000
-0.034826960000
-0.045301430000
-0.056727950000
-0.066108660000
-0.069496500000
-0.065394230000
-0.051030780000
-0.023734100000
0.002433176000
0.014217160000
0.020527180000
0.031701880000
0.054170790000
0.086821950000
0.125067800000
0.168335500000
0.212198300000
0.253768000000
0.282217200000
0.290377000000
0.280397600000
0.238618000000
0.177293300000
0.117742400000
0.061165340000
0.004105519000
-0.047065710000
-0.078747780000
-0.087356070000
-0.079751150000
-0.060567160000
-0.023814820000
0.025125820000
0.063363740000
0.085293170000
0.096096790000
0.091132930000
0.071144040000
0.052525220000
0.049924990000
0.065192320000
0.091825850000
0.117123200000
0.130374000000
0.129573600000
0.106947500000
0.058239600000
0.003653768000
-0.044110610000
-0.075975170000
-0.085484700000
-0.074033520000
-0.048940200000
-0.025375860000
-0.010621730000
-0.001238550000
0.006230455000
0.018657250000
0.039339170000
0.067134480000
0.095783750000
0.107784200000
0.087675160000
0.044951310000
0.018469600000
0.018550680000
0.029038600000
0.041599940000
0.053616870000
0.067717370000
0.078193960000
0.078577680000
0.072723130000
0.069359890000
0.074711450000
0.088700060000
0.104164400000
0.116236400000
0.129067900000
0.146266800000
0.171041300000
0.208614700000
0.250735200000
0.291076300000
0.324934900000
0.346901400000
0.355275900000
0.352570800000
0.338505000000
0.315298700000
0.294804900000
0.288162900000
0.295005600000
0.307812200000
0.314360800000
0.300311800000
0.260328700000
0.211404300000
0.138748100000
0.026532480000
-0.085952470000
-0.166041700000
-0.212026700000
-0.228756500000
-0.237095000000
-0.253329800000
-0.278078200000
-0.300917200000
-0.326256900000
-0.355876800000
-0.377968300000
-0.387407500000
-0.391794800000
-0.383089900000
-0.363066300000
-0.347333200000
-0.335359300000
-0.312912200000
-0.278214300000
-0.244427100000
-0.212928100000
-0.180436900000
-0.145472400000
-0.111571000000
-0.081275750000
-0.056542080000
-0.035668770000
-0.023068540000
-0.021565260000
-0.027316740000
-0.032723610000
-0.031438040000
-0.028494250000
-0.026081280000
-0.022650020000
-0.015977450000
-0.007743517000
-0.000462963600
0.009633905000
0.026752110000
0.044097360000
0.048516340000
0.039169300000
0.022677210000
0.008209160000
-0.000047323080
-0.001064706000
0.006320770000
0.019322240000
0.033942790000
0.050844340000
0.073061680000
0.101129800000
0.130597200000
0.159143300000
0.178567600000
0.179598800000
0.156813900000
0.106261200000
0.045659810000
0.011193730000
0.007389449000
0.010113320000
0.016025160000
0.035061920000
0.061652670000
0.069036810000
0.033607940000
-0.023803650000
-0.077196380000
-0.113895800000
-0.124633000000
-0.118492500000
-0.109842800000
-0.108347000000
-0.119467600000
-0.147516100000
-0.177130600000
-0.191667600000
-0.193634400000
-0.189406000000
-0.179693900000
-0.163583300000
-0.139708200000
-0.111500800000
-0.090164900000
-0.084787300000
-0.095828030000
-0.120144900000
-0.144126700000
-0.152509600000
-0.145772200000
-0.121886100000
-0.082894590000
-0.040352610000
0.000280163100
0.042077410000
0.084246460000
0.125105800000
0.164699900000
0.196958400000
0.215353400000
0.225228300000
0.232158700000
0.236383300000
0.238915800000
0.239846600000
0.233680900000
0.217860700000
0.196163400000
0.172026500000
0.147989400000
0.130147200000
0.116353800000
0.097856960000
0.073169550000
0.054713770000
0.052920540000
0.068934230000
0.092337560000
0.101865300000
0.087697210000
0.051603550000
0.009150849000
-0.031172010000
-0.071685390000
-0.107086100000
-0.133524500000
-0.155952100000
-0.171498700000
-0.178977600000
-0.180660400000
-0.178668900000
-0.181311500000
-0.192643300000
-0.204978200000
-0.214292600000
-0.224024600000
-0.234778600000
-0.236933000000
-0.201672200000
-0.147718500000
-0.106747600000
-0.073367060000
-0.045010290000
-0.026600080000
-0.015087140000
-0.007420882000
0.001879974000
0.021470800000
0.060610420000
0.110014100000
0.154198100000
0.180721200000
0.187467200000
0.175041500000
0.148169700000
0.123273800000
0.114390800000
0.117663000000
0.126024900000
0.133054100000
0.129083100000
0.104153300000
0.053912710000
-0.001798679000
-0.055294490000
-0.109266200000
-0.159768900000
-0.191569100000
-0.207200100000
-0.210145000000
-0.199805200000
-0.178286000000
-0.149084500000
-0.123014000000
-0.108716500000
-0.102626600000
-0.099422080000
-0.091380660000
-0.068475980000
-0.028317990000
0.017474730000
0.066243330000
0.112835800000
0.146024600000
0.164159900000
0.170996300000
0.169231300000
0.163319300000
0.157960700000
0.156198500000
0.157212600000
0.157997500000
0.154419200000
0.143984500000
0.127217900000
0.113657200000
0.108765500000
0.108042300000
0.103775200000
0.096065740000
0.086074610000
0.069213270000
0.037574900000
-0.008168667000
-0.044822220000
-0.062920970000
-0.070686530000
-0.069631260000
-0.056664730000
-0.028070050000
0.010769890000
0.042353110000
0.054809020000
0.049081020000
0.024809880000
-0.012486090000
-0.042126690000
-0.054052530000
-0.053252250000
-0.039754050000
-0.009139206000
0.025072390000
0.044123290000
0.045571630000
0.035149990000
0.016626700000
0.000390407400
-0.005514281000
-0.004449048000
-0.002037633000
-0.000122337700
-0.002247555000
-0.012247450000
-0.027197000000
-0.045538590000
-0.069865670000
-0.099469000000
-0.128961800000
-0.152877800000
-0.164845400000
-0.165662000000
-0.158162700000
-0.144619900000
-0.126781600000
-0.110215800000
-0.094588500000
-0.079664750000
-0.066347250000
-0.055789090000
-0.047011980000
-0.034891820000
-0.022416080000
-0.017638630000
-0.018171160000
-0.017479390000
-0.012865020000
-0.004452435000
0.003029637000
0.004276312000
-0.004743070000
-0.025112980000
-0.052725900000
-0.082088300000
-0.107280200000
-0.122138500000
-0.125862900000
-0.122222100000
-0.113550700000
-0.104216400000
-0.099193030000
-0.098674140000
-0.096707370000
-0.088069520000
-0.073384970000
-0.059377830000
-0.047756210000
-0.034704260000
-0.023226850000
-0.018366160000
-0.020855720000
-0.030880370000
-0.048454200000
-0.061936170000
-0.063728940000
-0.056016220000
-0.037564140000
-0.007979980000
0.025551510000
0.063670290000
0.104618400000
0.141891300000
0.172018100000
0.194887700000
0.214761200000
0.229007000000
0.238368400000
0.244943800000
0.250130900000
0.249845900000
0.234400100000
0.186870800000
0.117613200000
0.049092830000
-0.013129570000
-0.065996770000
-0.106590100000
-0.135074200000
-0.153596100000
-0.164130600000
-0.169724000000
-0.174478700000
-0.177133900000
-0.175663100000
-0.166281900000
-0.140517300000
-0.097504720000
-0.046912410000
0.003634881000
0.054305500000
0.100971000000
0.132772400000
0.148610100000
0.155492100000
0.155330600000
0.145853600000
0.127393400000
0.108177100000
0.092725710000
0.077587500000
0.059399390000
0.040168630000
0.024342490000
0.013323980000
0.007660308000
0.006098532000
0.005179540000
0.006696781000
0.013626260000
0.024616460000
0.035713170000
0.044665170000
0.051800270000
0.057406890000
0.061699660000
0.066440680000
0.074014470000
0.086783480000
0.102357800000
0.116057400000
0.123224900000
0.122577400000
0.112237500000
0.093218440000
0.072640900000
0.053547770000
0.036019500000
0.021352790000
0.014149970000
0.014327310000
0.018110330000
0.023287750000
0.026466060000
0.024441980000
0.015528970000
0.001276860000
-0.015336190000
-0.029769330000
-0.037409770000
-0.036100060000
-0.029889800000
-0.022315010000
-0.013676200000
-0.004539643000
0.006036570000
0.016449840000
0.025110670000
0.030795550000
0.031625830000
0.026660380000
0.016750010000
0.007810551000
0.002758557000
-0.000542922300
-0.003233572000
-0.006074467000
-0.008929149000
-0.011089260000
-0.011198180000
-0.010845820000
-0.010829800000
-0.010999450000
-0.012718180000
-0.018357730000
-0.027265130000
-0.035082540000
-0.039447000000
-0.039692990000
-0.039123730000
-0.040280980000
-0.044141870000
-0.049025460000
-0.055499900000
-0.062609020000
-0.069623310000
-0.077183950000
-0.086441990000
-0.094547320000
-0.100091300000
-0.105720600000
-0.114109300000
-0.126237500000
-0.137016000000
-0.142369100000
-0.143724200000
-0.143420100000
-0.141623600000
-0.136260100000
-0.125287300000
-0.103809900000
-0.074889880000
-0.049627570000
-0.032284070000
-0.016164310000
0.005503046000
0.033275180000
0.063448940000
0.091589990000
0.120622800000
0.149167600000
0.167877100000
0.177233400000
0.180403100000
0.175701100000
0.162136600000
0.144321400000
0.126827700000
0.112665600000
0.101313300000
0.089431910000
0.075413920000
0.060307390000
0.045087640000
0.030475200000
0.016551900000
0.006221468000
0.001298662000
0.001518680000
0.003595376000
0.001335102000
-0.006490176000
-0.016433700000
-0.024570120000
-0.027770210000
-0.023301310000
-0.013475190000
-0.000196044900
0.013566600000
0.022462720000
0.023368750000
0.014773760000
-0.004125180000
-0.025632610000
-0.040567880000
-0.048044780000
-0.050474820000
-0.046512180000
-0.036336080000
-0.016675350000
0.011925660000
0.039807470000
0.062451160000
0.077077950000
0.084034040000
0.085648960000
0.081489300000
0.070703060000
0.053716380000
0.031937090000
0.005026837000
-0.022067570000
-0.046029960000
-0.061413310000
-0.064818470000
-0.062522410000
-0.057410940000
-0.049416460000
-0.042352540000
-0.037593170000
-0.034353570000
-0.029284160000
-0.015169430000
0.012284020000
0.045060080000
0.072743090000
0.094351330000
0.111265900000
0.122228300000
0.126168800000
0.123130600000
0.113189800000
0.099501780000
0.085585370000
0.074116730000
0.059815000000
0.040294780000
0.017965030000
-0.001525094000
-0.012344240000
-0.015874240000
-0.018372950000
-0.024412700000
-0.034816790000
-0.046516720000
-0.057136840000
-0.066505460000
-0.074480110000
-0.080268250000
-0.083290800000
-0.082687620000
-0.078544740000
-0.072783440000
-0.064882540000
-0.061049100000
-0.064716130000
-0.073171790000
-0.082630120000
-0.088269660000
-0.086749720000
-0.080670540000
-0.072605970000
-0.063313890000
-0.056215210000
-0.051015480000
-0.046274190000
-0.043032980000
-0.041603520000
-0.041592490000
-0.041751900000
-0.041712860000
-0.041589370000
-0.039532730000
-0.035436550000
-0.031852750000
-0.028372860000
-0.025444530000
-0.020865540000
-0.015868290000
-0.010160370000
-0.003150280000
0.004698390000
0.012258080000
0.016971830000
0.018502250000
0.019918360000
0.022807330000
0.026615750000
0.031845820000
0.037651820000
0.043563900000
0.051040980000
0.059647730000
0.067380390000
0.074056330000
0.079023000000
0.078152370000
0.071457420000
0.057900310000
0.035683410000
0.013627940000
-0.001148235000
-0.010609070000
-0.018211860000
-0.024360320000
-0.031152120000
-0.042293620000
-0.054638520000
-0.061156590000
-0.061797920000
-0.058091350000
-0.052332550000
-0.046449380000
-0.040710590000
-0.034469720000
-0.027301620000
-0.020130930000
-0.013564090000
-0.008367958000
-0.005628920000
-0.006458634000
-0.010667430000
-0.017902270000
-0.026881400000
-0.036506850000
-0.045103270000
-0.053333170000
-0.061766170000
-0.070424140000
-0.081265530000
-0.093659950000
-0.103052300000
-0.105546200000
-0.099306130000
-0.081092520000
-0.052049280000
-0.024144510000
-0.009814161000
-0.007266054000
-0.008448866000
-0.009279273000
-0.006651525000
0.000304544500
0.010268870000
0.022138990000
0.035267510000
0.045683430000
0.051497660000
0.054108900000
0.055674740000
0.057863720000
0.057352230000
0.049418260000
0.034448210000
0.020216380000
0.011732160000
0.009157981000
0.012023130000
0.017762940000
0.023220640000
0.025631690000
0.025351920000
0.024370160000
0.022001320000
0.017560140000
0.009218568000
-0.000950990500
-0.011467880000
-0.022551000000
-0.032604530000
-0.037211700000
-0.036115160000
-0.029869690000
-0.018750740000
-0.004071039000
0.007066002000
0.011323400000
0.014209490000
0.016572070000
0.018773250000
0.022619090000
0.026753350000
0.028014520000
0.028089940000
0.030845510000
0.036400590000
0.042294380000
0.047777300000
0.053327120000
0.057871030000
0.058145190000
0.053828930000
0.047163100000
0.043568170000
0.043910870000
0.044420580000
0.045094910000
0.046445530000
0.046543560000
0.044195220000
0.037207070000
0.024914420000
0.011031800000
-0.005965021000
-0.022056220000
-0.030217680000
-0.032032220000
-0.031760390000
-0.029223910000
-0.021996780000
-0.010984370000
0.001393705000
0.010153680000
0.012559650000
0.009636558000
0.004494262000
-0.002517877000
-0.007800490000
-0.006041221000
0.003768021000
0.020738280000
0.041305290000
0.056968210000
0.063430180000
0.063362340000
0.060218780000
0.054843470000
0.049742300000
0.048347410000
0.050607180000
0.055577800000
0.058978120000
0.060226670000
0.060347990000
0.057232810000
0.049454940000
0.036620370000
0.018907520000
-0.002604889000
-0.021395720000
-0.032700030000
-0.038003510000
-0.038239420000
-0.036101450000
-0.032094640000
-0.026999570000
-0.023705090000
-0.022216150000
-0.019221630000
-0.013145330000
-0.004590347000
0.005340675000
0.013280740000
0.018354450000
0.020523430000
0.020376870000
0.019515350000
0.017271330000
0.013295890000
0.009243875000
0.007935472000
0.008776949000
0.010413580000
0.010717470000
0.006848443000
-0.002758714000
-0.011781220000
-0.013995720000
-0.011606070000
-0.007603742000
-0.005827881000
-0.007904685000
-0.014217680000
-0.026381870000
-0.043314920000
-0.060390900000
-0.072352510000
-0.078893160000
-0.080368960000
-0.078429970000
-0.072522030000
-0.063430960000
-0.052914140000
-0.039479170000
-0.023832310000
-0.011667890000
-0.008230920000
-0.014455170000
-0.027840240000
-0.041067360000
-0.049735330000
-0.057385200000
-0.063562290000
-0.066074700000
-0.065067570000
-0.060668510000
-0.053268140000
-0.043514120000
-0.033482820000
-0.024426640000
-0.018706340000
-0.018847880000
-0.024130780000
-0.030289500000
-0.035573290000
-0.039048930000
-0.039342130000
-0.035514490000
-0.026629860000
-0.013576680000
0.004106946000
0.020602480000
0.034913970000
0.048382950000
0.058899900000
0.065682270000
0.069228440000
0.069102180000
0.065219230000
0.060611120000
0.056601060000
0.053688580000
0.051121070000
0.048289230000
0.046099090000
0.045575210000
0.043652390000
0.038058120000
0.029943960000
0.020048730000
0.010798080000
0.004455694000
0.001409863000
-0.000987968700
-0.003811440000
-0.006722740000
-0.010271420000
-0.014538790000
-0.017876080000
-0.021477410000
-0.023560590000
-0.023355860000
-0.022255640000
-0.021027000000
-0.022308580000
-0.026733410000
-0.030780650000
-0.033302360000
-0.033946630000
-0.030355450000
-0.022446570000
-0.011449540000
-0.003076417000
0.000464163500
0.000713823700
0.000403518200
0.000980600200
0.003854928000
0.006828049000
0.009546100000
0.010064780000
0.006478103000
-0.001488768000
-0.010675470000
-0.015931810000
-0.016544780000
-0.013760570000
-0.009980250000
-0.005359298000
-0.002399539000
0.001598785000
0.005023031000
0.002665965000
-0.004269705000
-0.013050760000
-0.019984200000
-0.021581270000
-0.017424320000
-0.009252040000
0.001521704000
0.008330742000
0.009993187000
0.007320668000
-0.001128303000
-0.014470920000
-0.027400880000
-0.033461830000
-0.033254020000
-0.030144400000
-0.023582140000
-0.016905530000
-0.013914770000
-0.014639400000
-0.017353620000
-0.019015060000
-0.018614090000
-0.015569940000
-0.008153548000
0.003596992000
0.019803500000
0.036704030000
0.049595460000
0.057247640000
0.059124480000
0.056375040000
0.052928180000
0.049308420000
0.048357350000
0.052946720000
0.059450330000
0.065120990000
0.069014430000
0.071272250000
0.071898600000
0.071617090000
0.069436650000
0.065265930000
0.061674590000
0.057681860000
0.052615020000
0.044841880000
0.034729060000
0.023403000000
0.015365170000
0.013841960000
0.014766500000
0.015728100000
0.015556770000
0.013776310000
0.010175600000
0.006620737000
0.005117288000
0.007455759000
0.011086700000
0.016385000000
0.023465220000
0.030612190000
0.036340770000
0.038737440000
0.038016270000
0.034356790000
0.025199870000
0.013313800000
0.003277524000
-0.003342254000
-0.006014148000
-0.009214035000
-0.013842030000
-0.020442060000
-0.026856460000
-0.028823010000
-0.027432410000
-0.022874030000
-0.013391730000
0.001335599000
0.018684320000
0.033021790000
0.043198250000
0.048449420000
0.050907490000
0.052368050000
0.050517380000
0.046391330000
0.040897870000
0.032572890000
0.021547840000
0.013722050000
0.008737440000
0.003526392000
-0.000038847740
-0.001372128000
-0.001692396000
-0.000297856300
0.000583816000
0.000182065000
-0.002243459000
-0.005240052000
-0.009170937000
-0.014256560000
-0.017657690000
-0.018785070000
-0.018699040000
-0.018583040000
-0.018599020000
-0.019524000000
-0.022258340000
-0.026288010000
-0.029205680000
-0.031918530000
-0.034039770000
-0.036358390000
-0.039208450000
-0.042122000000
-0.045017020000
-0.047066410000
-0.049379990000
-0.054519960000
-0.060014750000
-0.062860680000
-0.065347950000
-0.063355500000
-0.050782600000
-0.033237030000
-0.018608150000
-0.008656690000
-0.004178827000
-0.005158426000
-0.008376814000
-0.010924730000
-0.011107430000
-0.008732848000
-0.006621832000
-0.006844521000
-0.010471110000
-0.017819220000
-0.024813250000
-0.030120770000
-0.035378710000
-0.039649880000
-0.042368840000
-0.044424870000
-0.045043770000
-0.044780300000
-0.044659310000
-0.044715240000
-0.044727080000
-0.044666600000
-0.043654810000
-0.040975790000
-0.037694140000
-0.033866930000
-0.031606100000
-0.030563570000
-0.030480880000
-0.031765490000
-0.032862050000
-0.032789660000
-0.031780540000
-0.028128270000
-0.020998150000
-0.012128520000
-0.002837674000
0.005353273000
0.009344099000
0.011121090000
0.010770800000
0.006886292000
-0.000716653600
-0.009433321000
-0.016671210000
-0.021972470000
-0.025602650000
-0.028272590000
-0.029537110000
-0.028212630000
-0.024998680000
-0.019379380000
-0.011624980000
-0.003702762000
0.001514926000
0.003061648000
0.001363496000
-0.003224604000
-0.009020805000
-0.013347160000
-0.015016870000
-0.016994200000
-0.018768730000
-0.020507230000
-0.023260450000
-0.026195860000
-0.028968480000
-0.031724560000
-0.034554370000
-0.037001860000
-0.037693970000
-0.036580280000
-0.033692350000
-0.027766540000
-0.017987700000
-0.008270510000
-0.000126829000
0.005294659000
0.007031987000
0.007429460000
0.006217797000
0.005170870000
0.005341451000
0.007395497000
0.010571290000
0.014292870000
0.019189890000
0.022928660000
0.026387360000
0.031659050000
0.037621780000
0.043188030000
0.048680070000
0.053565550000
0.056703030000
0.058924280000
0.059031520000
0.057490540000
0.055823370000
0.053768030000
0.048949310000
0.041627810000
0.032641530000
0.021685210000
0.013076770000
0.008255598000
0.007638365000
0.009675771000
0.013897120000
0.017796680000
0.020444310000
0.022961390000
0.024741460000
0.025065820000
0.026047810000
0.027547440000
0.030462020000
0.035754060000
0.041806190000
0.048867900000
0.056881800000
0.062864610000
0.065084800000
0.063008460000
0.056567060000
0.047920260000
0.039369890000
0.031057090000
0.023334230000
0.015553300000
0.007274558000
-0.000068549370
-0.005913798000
-0.008722461000
-0.008868908000
-0.008649583000
-0.009945583000
-0.012968960000
-0.017328000000
-0.020393720000
-0.019851420000
-0.016893400000
-0.013704610000
-0.010036450000
-0.008163339000
-0.008424772000
-0.008679932000
-0.008564755000
-0.008285269000
-0.006584529000
-0.004131015000
-0.003432916000
-0.003762856000
-0.003653468000
-0.002063191000
0.000870062600
0.004527779000
0.010624710000
0.017933030000
0.023870890000
0.029175210000
0.034727700000
0.039558280000
0.041554940000
0.040158270000
0.037157590000
0.033805610000
0.028405610000
0.020273870000
0.012778220000
0.008531397000
0.006337223000
0.005096658000
0.004425846000
0.005515410000
0.008586241000
0.013765910000
0.017962460000
0.020497760000
0.022320190000
0.022535970000
0.019922580000
0.015599040000
0.009912648000
0.001435771000
-0.005754753000
-0.011012140000
-0.016345390000
-0.022068040000
-0.027249120000
-0.030651270000
-0.032995440000
-0.033502870000
-0.031847610000
-0.028111390000
-0.023540420000
-0.022219610000
-0.022888320000
-0.024278640000
-0.027018590000
-0.030075540000
-0.032820510000
-0.035590870000
-0.038411950000
-0.040955030000
-0.041292870000
-0.038207800000
-0.035003650000
-0.030629590000
-0.027011140000
-0.023825830000
-0.018382090000
-0.011192580000
-0.002625124000
0.003976653000
0.009150854000
0.014342620000
0.017677160000
0.017265200000
0.014368140000
0.011369040000
0.008951733000
0.007959389000
0.008088146000
0.008203483000
0.008035079000
0.006659716000
0.003843509000
0.000419985100
-0.004527208000
-0.010388430000
-0.015899780000
-0.020014220000
-0.022476700000
-0.023664760000
-0.025682340000
-0.027583880000
-0.027761740000
-0.027468280000
-0.026571050000
-0.023669520000
-0.022374590000
-0.022786020000
-0.023005880000
-0.022536070000
-0.020411990000
-0.016704490000
-0.013212080000
-0.010218270000
-0.005634515000
-0.002813607000
-0.001054513000
0.001739688000
0.004981101000
0.008770994000
0.011294240000
0.011999680000
0.011015760000
0.010566850000
0.012918980000
0.016024200000
0.019339940000
0.022163320000
0.021667360000
0.017406950000
0.010113480000
0.001317270000
-0.007343052000
-0.012104470000
-0.012350260000
-0.009450861000
-0.004840856000
0.000782414800
0.005802978000
0.008222927000
0.008192577000
0.007707869000
0.006451545000
0.005471552000
0.006212712000
0.008887926000
0.012943550000
0.015979980000
0.019530640000
0.024589850000
0.028144050000
0.029382730000
0.027978420000
0.024678830000
0.019817580000
0.012726420000
0.004177649000
-0.000931252200
-0.001549466000
0.000214958200
0.002269007000
0.005083524000
0.008057165000
0.011785410000
0.015038550000
0.017713780000
0.019077560000
0.016935240000
0.010982590000
-0.000052606170
-0.012025670000
-0.020406540000
-0.028215190000
-0.034794820000
-0.038706080000
-0.040046710000
-0.041262650000
-0.042077940000
-0.041161080000
-0.038396620000
-0.034257400000
-0.030264330000
-0.027349250000
-0.024742730000
-0.022907340000
-0.021430630000
-0.019058750000
-0.017848090000
-0.017482110000
-0.015321130000
-0.009983897000
-0.001474507000
0.008926784000
0.019181730000
0.025456100000
0.027157640000
0.026769310000
0.024937980000
0.020670550000
0.017362970000
0.015390520000
0.010435020000
0.003324954000
-0.003338944000
-0.009046469000
-0.013854040000
-0.016199000000
-0.017174860000
-0.017949430000
-0.016518300000
-0.013401240000
-0.010474900000
-0.008676368000
-0.006306865000
-0.003386054000
0.000030325050
0.003442366000
0.004525123000
0.002150840000
-0.001157211000
-0.003576204000
-0.004308251000
-0.003479069000
-0.001154736000
0.000793586400
0.002333553000
0.004528205000
0.005471407000
0.005238157000
0.005120130000
0.005199639000
0.005214521000
0.005193755000
0.005169810000
0.005119552000
0.005186100000
0.005295381000
0.004909001000
0.002914485000
-0.000080453470
-0.002088855000
-0.003415716000
-0.006241482000
-0.011153390000
-0.016312100000
-0.019632090000
-0.022069550000
-0.023516150000
-0.022860540000
-0.018839900000
-0.012810230000
-0.005377620000
0.002944401000
0.009096698000
0.014218050000
0.019759010000
0.025402250000
0.030013450000
0.032728330000
0.033669130000
0.033566400000
0.033471080000
0.033519800000
0.033533920000
0.033521100000
0.033853520000
0.035293770000
0.036109430000
0.035893120000
0.035753510000
0.035824520000
0.035845200000
0.035798590000
0.034950570000
0.032445910000
0.029280020000
0.024846100000
0.019620090000
0.016094340000
0.014516510000
0.014325980000
0.014927890000
0.017606200000
0.020648090000
0.025664210000
0.029410300000
0.030811070000
0.031394740000
0.031281470000
0.030368310000
0.028671030000
0.027850320000
0.026444990000
0.022987170000
0.018189170000
0.014446450000
0.010668030000
0.005062465000
-0.000984928100
-0.006705589000
-0.012317000000
-0.017184860000
-0.020459370000
-0.023986460000
-0.026383760000
-0.026442640000
-0.026160470000
-0.026325690000
-0.027503060000
-0.029886010000
-0.031460310000
-0.033222350000
-0.035186070000
-0.036403400000
-0.037224820000
-0.036852710000
-0.035539380000
-0.034940570000
-0.034915010000
-0.034787950000
-0.034525190000
-0.033568940000
-0.031104890000
-0.029011720000
-0.027208670000
-0.024077530000
-0.020317900000
-0.019157710000
-0.019674180000
-0.021867570000
-0.023666630000
-0.023307630000
-0.021171180000
-0.017275530000
-0.012520460000
-0.005089257000
0.001947576000
0.006220173000
0.009325030000
0.011940860000
0.014246240000
0.015695300000
0.015453330000
0.015619050000
0.017530210000
0.018648360000
0.016823440000
0.014188220000
0.013365720000
0.013565760000
0.015098540000
0.016871050000
0.016742370000
0.016064320000
0.015663560000
0.013571900000
0.008861640000
0.004106272000
0.001117035000
-0.000994195900
-0.003121829000
-0.004547808000
-0.005704923000
-0.007668730000
-0.009871493000
-0.011320210000
-0.011383490000
-0.010891510000
-0.009784203000
-0.009186604000
-0.010167700000
-0.011756430000
-0.013472490000
-0.014568470000
-0.015781800000
-0.016144120000
-0.015645220000
-0.015182320000
-0.014859200000
-0.014655290000
-0.015408570000
-0.016620480000
-0.016646300000
-0.015964010000
-0.015208750000
-0.012790600000
-0.008401054000
-0.002760038000
0.003541525000
0.008132877000
0.009800653000
0.010898470000
0.011686950000
0.011788500000
0.012608860000
0.012687080000
0.010797620000
0.008216128000
0.004528438000
0.000824068900
-0.002093252000
-0.003637671000
-0.004334763000
-0.005289276000
-0.005569300000
-0.005211809000
-0.004940839000
-0.004583550000
-0.003032932000
-0.001802177000
-0.001130390000
0.000181688300
0.000714658500
0.000578706100
0.000230655900
-0.001444990000
-0.003581970000
-0.005153258000
-0.007279532000
-0.008754974000
-0.009295466000
-0.008802752000
-0.007024049000
-0.005229680000
-0.002965754000
-0.000475141700
0.001811872000
0.003838395000
0.005167749000
0.005283146000
0.005049359000
0.004984726000
0.004936374000
0.004851702000
0.004780238000
0.004654332000
0.003954092000
0.003110935000
0.002374974000
0.001788599000
0.001183658000
0.000694815500
0.000739684100
0.001476961000
0.002162281000
0.003120830000
0.003987660000
0.004336972000
0.004667166000
0.004820863000
0.004809832000
0.004815958000
0.004548423000
0.004026946000
0.003585495000
0.003355483000
0.003360730000
0.003566549000
0.003643617000
0.003852715000
0.004096415000
0.004174043000
0.004100824000
0.004056270000
0.004069959000
0.003965170000
0.003810531000
0.003773635000
0.003874389000
0.003928212000
0.003869714000
0.003472088000
0.002922942000
0.002461060000
0.002102840000
0.001922568000
0.002020052000
0.002137024000
0.002194901000
0.002192795000
0.002186633000
0.002154886000
0.002131329000
0.002068766000
0.001981201000
0.001920915000
0.001810430000
0.001695143000
0.001574015000
0.001407815000
0.001236199000
0.001089799000
0.000977186700
0.000894114300
0.000826020600
0.000746300500
0.000665720600
0.000597913000
0.000520221300
0.000430873800
0.000344478000
0.000262817200
0.000179811100
0.000100171100
0.000032313670
-0.000031424730
-0.000092515920
-0.000155994400
-0.000223552000
-0.000291809800
-0.000357300400
-0.000419777100
-0.000479790400
-0.000537726100
-0.000594526100
-0.000648551000
-0.000699839700
-0.000748809100
-0.000795841700
-0.000841170900
-0.000885262000
-0.000928110300
-0.000970028300
-0.001011152000
-0.001051373000
-0.001090755000
-0.001129388000
-0.001167294000
-0.001204431000
-0.001240783000
-0.001276338000
-0.001311091000
-0.001345040000
0.000000000000
0.000000000000
0.000000000000
0.000000000000
0.000000000000
0.000000000000
0.000000000000
0.000000000000
0.000000000000
0.000000000000
0.000000000000
0.000000000000
0.000000000000
0.000000000000
0.000000000000
0.000000000000
0.000000000000
0.000000000000
0.000000000000
0.000000000000
0.000000000000
0.000000000000
0.000000000000
0.000000000000
0.000000000000
0.000000000000
0.000000000000
0.000000000000
0.000000000000
0.000000000000
0.000000000000
0.000000000000
0.000000000000
0.000000000000
0.000000000000
0.000000000000
0.000000000000
0.000000000000
0.000000000000
0.000000000000
0.000000000000
0.000000000000
0.000000000000
0.000000000000
0.000000000000
0.000000000000
0.000000000000
0.000000000000
0.000000000000
0.000000000000
0.000000000000
0.000000000000
0.000000000000
0.000000000000
0.000000000000
0.000000000000
0.000000000000
0.000000000000
0.000000000000
0.000000000000
0.000000000000
0.000000000000
0.000000000000
0.000000000000
0.000000000000
0.000000000000
0.000000000000
0.000000000000
0.000000000000
0.000000000000
0.000000000000
0.000000000000
0.000000000000
0.000000000000
0.000000000000
0.000000000000
0.000000000000
0.000000000000
0.000000000000
0.000000000000
0.000000000000
0.000000000000
0.000000000000
0.000000000000
0.000000000000
0.000000000000
0.000000000000
0.000000000000
0.000000000000
0.000000000000
0.000000000000
0.000000000000
0.000000000000
0.000000000000
0.000000000000
0.000000000000
0.000000000000
0.000000000000
0.000000000000
0.000000000000
0.000000000000
0.000000000000
0.000000000000
0.000000000000
0.000000000000
0.000000000000
0.000000000000
0.000000000000
0.000000000000
0.000000000000
0.000000000000
0.000000000000
0.000000000000
0.000000000000
0.000000000000
0.000000000000
0.000000000000
0.000000000000
0.000000000000
0.000000000000
0.000000000000
0.000000000000
0.000000000000
0.000000000000
0.000000000000
0.000000000000
0.000000000000
0.000000000000
0.000000000000
0.000000000000
0.000000000000
0.000000000000
0.000000000000
0.000000000000
0.000000000000
0.000000000000
0.000000000000
0.000000000000
0.000000000000
0.000000000000
0.000000000000
0.000000000000
0.000000000000
0.000000000000
0.000000000000
0.000000000000
0.000000000000
0.000000000000
0.000000000000
0.000000000000
0.000000000000
0.000000000000
0.000000000000
0.000000000000
0.000000000000
0.000000000000
0.000000000000
0.000000000000
0.000000000000
0.000000000000
0.000000000000
0.000000000000
0.000000000000
0.000000000000
0.000000000000
0.000000000000
0.000000000000
0.000000000000
0.000000000000
0.000000000000
0.000000000000
0.000000000000
0.000000000000
0.000000000000
0.000000000000
0.000000000000
0.000000000000
0.000000000000
0.000000000000
0.000000000000
0.000000000000
0.000000000000
0.000000000000
0.000000000000
0.000000000000
0.000000000000
0.000000000000
0.000000000000
0.000000000000
0.000000000000
0.000000000000
0.000000000000
0.000000000000
0.000000000000
0.000000000000
0.000000000000
0.000000000000
0.000000000000
0.000000000000
0.000000000000
0.000000000000
0.000000000000
0.000000000000
0.000000000000
0.000000000000
0.000000000000
0.000000000000
0.000000000000
0.000000000000
0.000000000000
0.000000000000
0.000000000000
0.000000000000
0.000000000000
0.000000000000
0.000000000000
0.000000000000
0.000000000000
0.000000000000
0.000000000000
0.000000000000
0.000000000000
0.000000000000
0.000000000000
0.000000000000
0.000000000000
0.000000000000
0.000000000000
0.000000000000
0.000000000000
0.000000000000
0.000000000000
0.000000000000
0.000000000000
0.000000000000
0.000000000000
0.000000000000
0.000000000000
0.000000000000
0.000000000000
0.000000000000
0.000000000000
0.000000000000
0.000000000000
0.000000000000
0.000000000000
0.000000000000
0.000000000000
0.000000000000
0.000000000000
0.000000000000
0.000000000000
0.000000000000
0.000000000000
0.000000000000
0.000000000000
0.000000000000
0.000000000000
0.000000000000
0.000000000000
0.000000000000
0.000000000000
0.000000000000
0.000000000000
0.000000000000
0.000000000000
0.000000000000
0.000000000000
0.000000000000
0.000000000000
0.000000000000
0.000000000000
0.000000000000
0.000000000000
0.000000000000
0.000000000000
0.000000000000
0.000000000000
0.000000000000
0.000000000000
0.000000000000
0.000000000000
0.000000000000
0.000000000000
0.000000000000
0.000000000000
0.000000000000
0.000000000000
0.000000000000
0.000000000000
0.000000000000
0.000000000000
0.000000000000
0.000000000000
0.000000000000
0.000000000000
0.000000000000
0.000000000000
0.000000000000
0.000000000000
0.000000000000
0.000000000000
0.000000000000
0.000000000000
0.000000000000
0.000000000000
0.000000000000
0.000000000000
0.000000000000
0.000000000000
0.000000000000
0.000000000000
0.000000000000
0.000000000000
0.000000000000
0.000000000000
0.000000000000
0.000000000000
0.000000000000
0.000000000000
0.000000000000
0.000000000000
0.000000000000
0.000000000000
0.000000000000
0.000000000000
0.000000000000
0.000000000000
0.000000000000
0.000000000000
0.000000000000
0.000000000000
0.000000000000
0.000000000000
0.000000000000
0.000000000000
0.000000000000
0.000000000000
0.000000000000
0.000000000000
0.000000000000
0.000000000000
0.000000000000
0.000000000000
0.000000000000
0.000000000000
0.000000000000
0.000000000000
0.000000000000
0.000000000000
0.000000000000
0.000000000000
0.000000000000
0.000000000000
0.000000000000
0.000000000000
0.000000000000
0.000000000000
0.000000000000
0.000000000000
0.000000000000
0.000000000000
0.000000000000
0.000000000000
0.000000000000
0.000000000000
0.000000000000
0.000000000000
0.000000000000
0.000000000000
0.000000000000
0.000000000000
0.000000000000
0.000000000000
0.000000000000
0.000000000000
0.000000000000
0.000000000000
0.000000000000
0.000000000000
0.000000000000
0.000000000000
0.000000000000
0.000000000000
0.000000000000
0.000000000000
0.000000000000
0.000000000000
0.000000000000
0.000000000000
0.000000000000
0.000000000000
0.000000000000
0.000000000000
0.000000000000
0.000000000000
0.000000000000
0.000000000000
0.000000000000
0.000000000000
0.000000000000
0.000000000000
0.000000000000
0.000000000000
0.000000000000
0.000000000000
0.000000000000
0.000000000000
0.000000000000
0.000000000000
0.000000000000
0.000000000000
0.000000000000
0.000000000000
0.000000000000
0.000000000000
0.000000000000
0.000000000000
0.000000000000
0.000000000000
0.000000000000
0.000000000000
0.000000000000
0.000000000000
0.000000000000
0.000000000000
0.000000000000
0.000000000000
0.000000000000
0.000000000000
0.000000000000
0.000000000000
0.000000000000
0.000000000000
0.000000000000
0.000000000000
0.000000000000
0.000000000000
0.000000000000
0.000000000000
0.000000000000
0.000000000000
0.000000000000
0.000000000000
0.000000000000
0.000000000000
0.000000000000
0.000000000000
0.000000000000
0.000000000000
0.000000000000
0.000000000000
0.000000000000
0.000000000000
0.000000000000
0.000000000000
0.000000000000
0.000000000000
0.000000000000
0.000000000000
0.000000000000
0.000000000000
0.000000000000
0.000000000000
0.000000000000
0.000000000000
0.000000000000
0.000000000000
0.000000000000
0.000000000000
0.000000000000
0.000000000000
0.000000000000
0.000000000000
0.000000000000
0.000000000000
0.000000000000
0.000000000000
0.000000000000
0.000000000000
0.000000000000
0.000000000000
0.000000000000
0.000000000000
0.000000000000
0.000000000000
0.000000000000
0.000000000000
0.000000000000
0.000000000000
0.000000000000
0.000000000000
0.000000000000
0.000000000000
0.000000000000
0.000000000000
0.000000000000
0.000000000000
0.000000000000
0.000000000000
